1520.40002 302.32001 246.87000 1.00000 0.00000 1.00000 0.00000 0.00000 0.00000 0.00000 0.00000 0.00000
1520.40002 302.32001 246.87000 1.00000 0.00000 0.99907 0.04262 0.00034 -0.00622 0.00018 0.24724 0.01406
1520.40002 302.32001 246.87000 1.00000 0.00000 0.99403 0.10795 -0.00056 -0.01605 0.01426 0.62252 0.07519
1520.40002 302.32001 246.87000 1.00000 0.00000 0.98479 0.17206 0.00012 -0.02410 0.02500 0.98258 0.18417
1520.40002 302.32001 246.87000 1.00000 0.00000 0.97122 0.23594 -0.00101 -0.03271 0.05226 1.32758 0.33810
1520.40002 302.32001 246.87000 1.00000 0.00000 0.95346 0.29864 -0.00087 -0.04151 0.07909 1.64858 0.53688
1520.40002 302.32001 246.87000 1.00000 0.00000 0.93150 0.36029 -0.00082 -0.04993 0.11162 1.94138 0.77781
1520.40002 302.32001 246.87000 1.00000 0.00000 0.90553 0.42026 -0.00083 -0.05835 0.14976 2.19959 1.05380
1520.40002 302.32001 246.87000 1.00000 0.00000 0.87569 0.47827 -0.00140 -0.06646 0.19502 2.41853 1.35925
1520.40002 302.32001 246.87000 1.00000 0.00000 0.84251 0.53355 -0.00151 -0.07420 0.24082 2.59358 1.68638
1520.40002 302.32001 246.87000 1.00000 0.00000 0.80656 0.58558 -0.00266 -0.08091 0.29094 2.72250 2.02680
1520.40002 302.32001 246.87000 1.00000 0.00000 0.76744 0.63515 -0.00345 -0.08725 0.34054 2.80699 2.38080
1520.40002 302.32001 246.87000 1.00000 0.00000 0.72495 0.68248 -0.00428 -0.09296 0.38948 2.84578 2.74426
1520.40002 302.32001 246.87000 1.00000 0.00000 0.67728 0.72905 -0.00427 -0.09879 0.43786 2.83528 3.12498
1520.40002 302.32001 246.87000 1.00000 0.00000 0.62528 0.77258 0.00107 -0.11016 0.49561 2.77100 3.50320
1520.40002 302.32001 246.87000 1.00000 0.00000 0.57192 0.81211 0.00148 -0.11569 0.54599 2.65862 3.86600
1520.40002 302.32001 246.87000 1.00000 0.00000 0.51596 0.84835 0.00059 -0.11867 0.58725 2.49835 4.21542
1520.40002 302.32001 246.87000 1.00000 0.00000 0.45646 0.88107 0.00141 -0.12395 0.63484 2.28800 4.54173
1520.40002 302.32001 246.87000 1.00000 0.00000 0.39446 0.90993 0.00147 -0.12815 0.67775 2.03307 4.83796
