1520.40002 302.32001 246.87000 1.00000 0.00000 0.99959 0.00025 0.02723 0.00890 0.13551 0.01237 0.02701
1520.40002 302.32001 246.87000 1.00000 0.00000 0.66014 0.01593 0.20876 0.72138 -0.08283 1.76135 -4.28512
1520.40002 302.32001 246.87000 1.00000 0.00000 0.63847 0.01953 0.26450 0.72250 -0.06228 1.93273 -4.12074
1520.40002 302.32001 246.87000 1.00000 0.00000 0.98388 0.17200 0.03142 0.03749 0.19042 0.93524 0.21431
1520.40002 302.32001 246.87000 1.00000 0.00000 0.58089 0.00284 0.58616 0.56478 0.06868 2.55642 -2.79634
1520.40002 302.32001 246.87000 1.00000 0.00000 0.97102 0.23819 0.01953 0.00222 -0.09454 1.30754 0.39546
1520.40002 302.32001 246.87000 1.00000 0.00000 0.95453 0.29737 0.01892 0.00967 -0.07631 1.58368 0.58249
1520.40002 302.32001 246.87000 1.00000 0.00000 0.93588 0.35166 0.01499 0.01571 -0.03957 1.82595 0.79349
1520.40002 302.32001 246.87000 1.00000 0.00000 0.91071 0.41237 0.01053 0.02132 0.00266 2.05916 1.05729
1520.40002 302.32001 246.87000 1.00000 0.00000 0.88458 0.46586 0.00384 0.02188 0.04210 2.23792 1.32070
1520.40002 302.32001 246.87000 1.00000 0.00000 0.84913 0.52721 0.00189 0.03193 0.08678 2.39247 1.62122
1520.40002 302.32001 246.87000 1.00000 0.00000 0.80240 0.59552 0.00134 0.03882 0.12972 2.51377 1.97335
1520.40002 302.32001 246.87000 1.00000 0.00000 0.76755 0.63974 0.01020 0.03862 0.16945 2.57619 2.25127
1520.40002 302.32001 246.87000 1.00000 0.00000 0.73437 0.67717 0.00900 0.04545 0.19671 2.60841 2.51667
1520.40002 302.32001 246.87000 1.00000 0.00000 0.69995 0.71185 0.00103 0.05773 0.23996 2.59124 2.95341
1520.40002 302.32001 246.87000 1.00000 0.00000 0.67057 0.73946 0.00259 0.05933 0.27969 2.50555 3.38729
1520.40002 302.32001 246.87000 1.00000 0.00000 0.64591 0.76081 0.00279 0.06286 0.32104 2.36428 3.75951
1520.40002 302.32001 246.87000 1.00000 0.00000 0.62795 0.77588 0.00487 0.06055 0.34277 2.16194 4.12523
1520.40002 302.32001 246.87000 1.00000 0.00000 0.61360 0.78749 0.00646 0.05759 0.35326 1.93729 4.42177
