-0.200 -0.210 2.860
0.200 -0.180 2.860
0.200 -0.060 2.750
0.460 -0.300 2.880
0.200 0.180 3.120
0.400 -0.280 2.910
-0.230 0.110 2.900
0.190 0.160 3.130
0.180 0.070 3.110
-0.180 -0.200 2.850
0.330 0.080 3.060
0.410 -0.080 2.770
0.340 0.060 3.060
0.460 -0.020 3.020
0.430 -0.280 2.890
-0.170 -0.210 2.870
0.230 -0.210 2.880
0.320 0.440 2.280
0.270 0.120 3.090
-0.180 0.100 3.040
-0.250 0.170 2.990
0.540 -0.190 2.800
0.260 0.120 3.080
0.210 0.100 3.070
0.390 0.060 3.050
0.220 -0.040 2.760
0.310 -0.090 2.790
0.540 -0.190 2.810
0.310 -0.080 2.770
0.420 0.040 3.020
0.420 0.030 3.030
0.210 0.090 3.080
-0.180 0.050 2.980
0.470 -0.200 2.870
-0.180 0.190 3.090
0.240 0.160 3.120
0.200 0.120 3.070
0.190 0.040 3.080
0.540 -0.100 2.920
0.390 0.040 3.040
0.320 -0.030 2.790
0.500 -0.130 2.880
0.360 0.060 3.060
-0.180 0.010 2.930
0.240 0.150 3.120
-0.190 -0.030 2.740
0.210 0.040 2.990
-0.180 0.200 3.080
0.310 -0.030 2.800
0.210 -0.020 2.950
-0.140 -0.200 2.830
0.220 -0.040 2.760
0.210 0.030 3.000
-0.230 0.220 3.040
0.190 -0.010 2.940
0.200 -0.040 2.750
0.310 -0.260 2.880
-0.090 0.170 3.080
0.310 -0.240 2.850
-0.140 -0.250 2.900
-0.030 0.030 2.970
-0.240 -0.060 2.680
0.330 -0.290 2.930
0.200 0.160 3.100
0.140 -0.020 2.770
0.430 0.010 3.020
-0.140 0.130 3.040
0.230 0.130 3.090
0.550 -0.150 2.830
0.340 -0.250 2.920
-0.060 -0.010 2.780
-0.230 0.220 3.050
-0.070 -0.190 2.860
0.030 0.120 3.070
-0.110 0.130 3.100
-0.200 0.140 2.940
-0.160 -0.010 2.940
-0.200 -0.040 2.730
0.410 -0.060 2.780
-0.120 -0.200 2.870
0.420 -0.040 2.790
-0.280 -0.090 2.660
0.210 0.020 2.990
-0.120 0.130 3.050
-0.170 -0.010 2.940
0.500 -0.250 2.820
-0.210 -0.000 2.720
-0.020 -0.260 2.980
-0.120 0.010 2.940
-0.180 0.160 3.040
0.360 -0.030 2.810
-0.150 -0.010 2.940
-0.200 -0.020 2.930
-0.140 0.120 3.050
-0.290 0.180 2.920
0.500 -0.160 2.800
0.090 0.140 3.100
0.510 -0.050 3.000
0.020 0.120 3.070
-0.160 0.100 3.040
0.130 0.420 2.330
0.010 0.140 3.080
-0.290 0.170 2.930
0.210 0.010 3.000
0.140 0.030 3.030
-0.140 0.000 2.940
-0.170 0.120 3.040
0.390 -0.160 2.840
0.170 0.160 3.130
0.560 -0.170 2.820
-0.130 0.030 2.960
-0.310 0.080 2.760
0.420 -0.070 2.780
0.500 -0.060 2.990
0.040 -0.000 2.960
-0.140 0.030 2.970
-0.290 0.240 3.040
0.290 -0.050 2.750
-0.220 0.060 2.800
0.420 -0.050 2.780
0.350 -0.050 2.940
0.520 -0.230 2.810
-0.040 0.110 3.060
-0.210 0.220 3.070
0.250 -0.210 2.890
0.260 -0.010 2.790
0.390 -0.090 2.770
0.150 -0.190 2.880
0.350 -0.020 2.970
0.060 0.110 3.080
0.390 -0.160 2.820
-0.210 0.150 2.900
0.390 -0.050 2.790
0.230 0.060 3.030
0.140 -0.210 2.860
0.140 0.030 3.030
0.140 0.120 3.090
0.230 -0.010 2.760
-0.100 0.010 2.940
0.050 0.130 3.070
0.270 0.090 3.060
-0.160 0.010 2.940
0.140 0.150 3.140
-0.220 -0.810 4.570
0.150 -0.200 2.890
0.070 -0.030 2.970
0.350 0.070 3.070
0.420 -0.020 2.810
-0.270 0.300 3.060
0.040 -0.030 2.910
0.380 -0.020 2.810
-0.310 0.160 2.890
0.450 -0.050 2.790
-0.110 0.410 2.280
0.260 -0.010 2.790
0.050 -0.020 2.960
0.120 0.180 3.190
-0.240 0.130 2.880
0.550 -0.170 2.820
-0.300 0.070 2.770
-0.050 -0.200 3.140
-0.280 0.250 3.040
0.200 -0.000 2.960
-0.280 0.250 3.040
0.300 0.030 3.020
0.210 0.010 2.970
-0.330 0.210 2.970
0.050 -0.040 2.770
-0.190 -0.010 2.930
0.150 0.170 3.140
0.460 0.010 3.070
-0.170 -0.040 2.740
-0.170 0.120 3.040
0.130 -0.010 3.000
0.140 0.090 3.090
0.120 -0.030 2.970
0.130 -0.010 2.790
0.300 0.080 3.100
-0.290 0.070 2.760
0.200 -0.040 2.800
-0.080 0.100 3.040
0.560 -0.150 2.870
0.120 -0.020 2.960
-0.270 0.280 3.020
0.510 -0.290 2.860
0.520 -0.080 2.890
0.500 -0.070 2.870
0.300 0.110 3.060
0.030 0.100 3.070
0.210 0.120 3.090
-0.170 -0.010 2.940
0.040 0.140 3.100
-0.260 -0.000 2.710
0.110 0.010 3.010
-0.060 0.010 2.950
0.310 -0.060 2.780
-0.230 -0.280 2.840
0.270 -0.080 2.960
0.140 0.090 3.080
-0.040 -0.010 2.840
-0.050 0.140 3.050
-0.300 -0.110 2.640
0.040 0.040 3.010
0.310 -0.050 2.780
0.030 0.090 3.090
-0.160 0.180 3.090
0.420 -0.230 2.870
-0.150 -0.030 2.740
0.160 0.110 3.080
0.010 -0.000 2.960
0.160 -0.120 2.800
-0.040 -0.160 2.850
0.380 -0.060 2.790
0.120 0.110 3.090
0.380 -0.060 2.790
0.060 0.150 3.080
0.090 0.200 3.170
0.450 -0.040 2.810
0.120 0.130 3.080
-0.190 -0.200 2.740
0.280 0.060 3.040
0.200 0.140 3.090
0.140 -0.010 2.970
0.350 -0.060 2.790
-0.170 0.020 2.930
-0.220 0.070 2.910
0.320 -0.050 2.950
-0.080 -0.030 2.750
-0.240 0.070 2.760
0.130 -0.190 2.870
0.370 -0.060 2.790
0.110 0.110 3.090
-0.250 -0.340 2.860
0.160 -0.010 2.790
-0.100 -0.180 2.940
0.100 -0.140 2.900
0.480 -0.030 2.930
0.090 0.230 3.100
-0.220 0.060 2.900
0.100 -0.040 2.760
0.130 0.160 3.150
-0.260 0.030 2.730
-0.040 0.210 3.100
0.090 -0.030 2.760
0.030 0.080 3.090
-0.190 0.170 3.040
-0.300 0.010 2.720
0.380 -0.070 2.790
0.230 0.050 3.020
-0.210 0.030 2.740
0.360 -0.040 2.950
-0.310 0.120 2.850
0.300 -0.040 2.950
-0.290 0.200 2.920
0.220 0.080 3.050
-0.320 0.150 2.870
-0.320 0.010 2.720
0.020 0.580 1.830
-0.040 0.220 3.100
-0.230 0.060 2.760
0.270 -0.020 2.770
0.350 -0.040 2.790
0.230 0.040 3.010
0.340 -0.040 2.960
-0.220 -0.030 2.700
0.270 -0.010 2.770
-0.310 -0.020 2.710
-0.310 -0.020 2.700
0.340 -0.040 2.950
-0.280 0.090 2.770
-0.070 -0.000 2.680
-0.100 0.170 3.060
0.160 0.140 3.090
-0.230 -0.330 2.900
0.350 -0.050 2.800
-0.030 0.190 3.100
-0.260 0.190 3.010
-0.100 -0.050 2.740
0.240 0.120 3.080
-0.010 0.210 3.120
0.530 -0.130 2.840
0.070 2.130 0.490
0.070 2.150 0.480
0.070 2.150 0.470
0.060 2.100 0.530
0.070 2.160 0.460
0.070 2.150 0.470
0.070 2.160 0.470
0.070 2.150 0.470
0.060 2.100 0.530
0.060 2.100 0.530
0.070 2.110 0.520
0.070 2.150 0.470
0.070 2.120 0.510
0.070 2.130 0.500
0.060 2.100 0.530
0.070 2.150 0.470
0.060 2.010 0.610
