0.47238 -0.03781 2.73932 2.00000 0.00000 566.77667 184.71217 2.00000 400.00748 150.62103
-0.37276 -0.45875 2.57522 2.00000 0.00000 166.27615 152.71370 2.00000 155.33621 123.65086
0.47216 -0.03742 2.73980 2.00000 0.00000 566.77667 184.71217 2.00000 399.89230 150.99965
-0.37085 -0.43068 2.63667 2.00000 0.00000 166.27615 152.71370 2.00000 163.11986 147.26419
-0.26542 -0.42557 2.69402 2.00000 0.00000 206.42062 136.77090 2.00000 207.63701 146.53368
0.25084 -0.05733 2.88382 2.00000 0.00000 402.52139 210.24091 2.00000 401.85645 183.69478
-0.30744 -0.52993 2.63163 2.00000 0.00000 186.68074 105.01800 2.00000 188.65868 118.34750
-0.30780 -0.52954 2.63208 2.00000 0.00000 186.68074 105.01800 2.00000 188.37418 118.75860
-0.32872 0.02439 2.86006 2.00000 0.00000 194.80060 292.25882 2.00000 193.70184 290.69147
-0.22233 -0.04867 2.76315 2.00000 0.00000 233.55209 278.79639 2.00000 221.29216 225.40587
0.21462 0.37051 3.04779 2.00000 0.00000 396.90826 326.41104 2.00000 397.41788 349.03510
0.41017 0.29316 3.03783 2.00000 0.00000 466.22208 283.61133 2.00000 468.51404 296.97614
-0.23173 -0.40471 2.70601 2.00000 0.00000 220.62234 140.93553 2.00000 219.65858 147.83603
0.39330 0.31779 3.04105 2.00000 0.00000 460.35248 292.85532 2.00000 462.55960 306.69824
0.53394 0.03163 2.93953 2.00000 0.00000 507.25555 204.25157 2.00000 506.02286 177.71562
0.41054 0.29139 3.03554 2.00000 0.00000 466.22208 283.61133 2.00000 468.50876 295.50409
-0.22888 -0.40560 2.70715 2.00000 0.00000 220.62234 140.93553 2.00000 222.16841 146.60680
0.66069 -0.08258 2.93701 2.00000 0.00000 554.51855 150.42194 2.00000 550.14862 133.98912
0.15530 0.17703 3.01381 2.00000 0.00000 370.13544 274.88538 2.00000 378.03033 297.86624
0.23915 0.27677 3.02595 2.00000 0.00000 403.83142 297.77438 2.00000 405.69653 313.95584
0.46895 0.30483 3.03849 2.00000 0.00000 488.16617 281.27805 2.00000 489.93481 291.49078
0.27716 -0.01883 2.89694 2.00000 0.00000 412.59085 219.46951 2.00000 411.68338 192.09856
0.23943 0.27634 3.02551 2.00000 0.00000 403.83142 297.77438 2.00000 405.83765 313.58237
-0.24963 0.00065 2.88015 2.00000 0.00000 225.19017 270.43982 2.00000 221.58295 281.29892
-0.26039 0.22965 2.97050 2.00000 0.00000 225.47339 337.47787 2.00000 223.89507 360.45520
0.40745 0.02473 2.93668 2.00000 0.00000 460.39911 214.56554 2.00000 460.81070 195.40234
0.22585 0.30866 3.02914 2.00000 0.00000 399.49640 309.28049 2.00000 400.81119 324.77576
0.63896 0.17572 2.99768 2.00000 0.00000 547.43970 231.26357 2.00000 550.20300 217.20341
-0.25933 -0.08999 2.84287 2.00000 0.00000 218.01263 245.06026 2.00000 217.85135 252.09946
0.32407 0.38321 3.04919 2.00000 0.00000 453.48959 307.46722 2.00000 423.19083 347.27814
-0.28156 -0.21838 2.73951 2.00000 0.00000 204.99594 219.30132 2.00000 204.35757 196.46150
-0.28887 0.22754 2.96484 2.00000 0.00000 215.28008 340.30283 2.00000 213.32059 362.50732
0.27761 -0.00764 2.90106 2.00000 0.00000 412.75473 222.76192 2.00000 412.17410 195.82176
0.37406 0.36059 3.04906 2.00000 0.00000 453.48959 307.46722 2.00000 456.40073 322.98871
0.58109 0.26103 3.03807 2.00000 0.00000 529.71783 254.88480 2.00000 531.00879 264.65009
-0.14205 -0.34028 2.75330 2.00000 0.00000 255.34323 153.62843 2.00000 255.71786 156.70326
0.37258 0.35988 3.04721 2.00000 0.00000 453.48959 307.46722 2.00000 455.21478 322.64169
0.56863 -0.20951 2.92444 2.00000 0.00000 518.36292 114.44099 2.00000 516.37604 118.96281
0.46138 -0.16008 2.92288 2.00000 0.00000 480.23193 142.52448 2.00000 477.74307 146.11446
0.46123 -0.15997 2.92299 2.00000 0.00000 480.23193 142.52448 2.00000 477.65085 146.25111
0.24320 -0.02602 2.89048 2.00000 0.00000 400.02695 221.36505 2.00000 399.43005 193.72200
-0.14295 0.24473 2.98752 2.00000 0.00000 266.94351 329.96298 2.00000 267.22461 351.04059
0.56947 -0.20891 2.92598 2.00000 0.00000 518.36292 114.44099 2.00000 517.02673 119.34510
-0.37869 -0.34725 2.64726 2.00000 0.00000 162.91487 191.56880 2.00000 164.65916 161.52461
-0.35140 -0.31101 2.67272 2.00000 0.00000 175.07253 199.80510 2.00000 175.71353 170.91530
0.52038 0.25443 3.02975 2.00000 0.00000 506.42865 261.24655 2.00000 508.11795 268.19547
0.26583 0.33731 3.04002 2.00000 0.00000 414.23718 312.52176 2.00000 416.04282 329.88864
0.70343 0.00984 2.96762 2.00000 0.00000 571.41052 172.97522 2.00000 568.84113 159.33577
-0.06378 0.25312 2.99545 2.00000 0.00000 295.50943 324.18484 2.00000 295.35040 343.68240
-0.17220 0.18986 2.96935 2.00000 0.00000 254.94910 317.06412 2.00000 256.82050 336.76669
0.52626 0.06642 2.94921 2.00000 0.00000 504.96591 215.17120 2.00000 503.89432 190.52246
0.54847 0.09944 2.95805 2.00000 0.00000 513.34308 222.80736 2.00000 512.83197 197.69121
0.56355 0.27584 3.03805 2.00000 0.00000 523.53632 261.53912 2.00000 524.41064 270.85284
0.67715 -0.02567 2.94800 2.00000 0.00000 561.89648 166.78239 2.00000 556.85944 148.07735
-0.05904 -0.27058 2.79712 2.00000 0.00000 287.33325 168.06798 2.00000 288.00507 168.18666
-0.12651 -0.29877 2.77182 2.00000 0.00000 261.88336 166.38741 2.00000 262.38013 166.93100
0.60125 0.24537 3.01239 2.00000 0.00000 523.53632 261.53912 2.00000 545.68573 238.18288
-0.00916 0.20594 2.99271 2.00000 0.00000 313.62717 303.51862 2.00000 315.76239 323.25168
0.15449 0.33687 3.03700 2.00000 0.00000 375.79297 322.71533 2.00000 374.34851 346.21631
-0.01594 0.24233 2.99921 2.00000 0.00000 312.31076 315.26529 2.00000 312.83350 335.17184
-0.30723 0.04754 2.87180 2.00000 0.00000 202.65498 297.54669 2.00000 202.72577 295.17807
-0.25043 0.10719 2.93179 2.00000 0.00000 226.39540 300.05753 2.00000 225.78313 319.62805
0.46869 -0.21527 2.91041 2.00000 0.00000 482.53870 123.31547 2.00000 479.34357 129.64857
0.72239 -0.01378 2.96226 2.00000 0.00000 578.67920 163.70782 2.00000 574.84216 149.41287
0.72265 -0.01379 2.96236 2.00000 0.00000 578.67920 163.70782 2.00000 575.01318 149.34192
0.08091 0.15136 3.02986 2.00000 0.00000 362.81009 253.28618 2.00000 334.77518 323.29807
0.04037 -0.23266 2.83038 2.00000 0.00000 324.75244 168.95496 2.00000 324.79364 169.06935
0.55148 0.05921 2.94715 2.00000 0.00000 514.00134 210.72720 2.00000 512.99854 183.93114
0.68917 0.04704 2.97948 2.00000 0.00000 566.77667 184.71217 2.00000 564.70514 174.79433
0.49904 0.11374 2.96257 2.00000 0.00000 495.66699 231.42783 2.00000 494.96823 210.81773
0.02395 0.01021 2.92281 2.00000 0.00000 323.07236 244.37009 2.00000 323.03220 251.71796
-0.34152 -0.33333 2.66525 2.00000 0.00000 177.52480 191.55872 2.00000 179.88754 162.41924
-0.20527 -0.03312 2.88438 2.00000 0.00000 238.91206 254.28551 2.00000 240.23013 267.66254
-0.40938 0.23101 2.94543 2.00000 0.00000 171.97310 355.76215 2.00000 169.08139 375.40146
-0.40480 -0.37370 2.62670 2.00000 0.00000 151.95003 185.77551 2.00000 153.42120 155.79768
0.61428 0.11998 2.98274 2.00000 0.00000 538.08490 217.70349 2.00000 539.05426 202.47409
0.49654 0.11443 2.96233 2.00000 0.00000 495.66699 231.42783 2.00000 493.32092 211.91087
-0.30903 0.09615 2.88699 2.00000 0.00000 203.53525 312.67346 2.00000 202.20128 310.60477
0.50469 0.06467 2.94935 2.00000 0.00000 496.89835 216.65485 2.00000 496.20129 193.59167
0.32209 0.29692 3.03218 2.00000 0.00000 434.47079 294.85373 2.00000 435.62888 308.95068
-0.30723 -0.25654 2.71125 2.00000 0.00000 193.49530 211.91266 2.00000 194.28711 184.45853
0.28793 0.03848 2.91228 2.00000 0.00000 416.72940 236.65085 2.00000 416.50986 207.74478
-0.15477 -0.03574 2.88102 2.00000 0.00000 257.59238 250.18445 2.00000 257.24081 257.68472
0.03284 0.24577 3.00455 2.00000 0.00000 329.97284 310.73459 2.00000 330.27335 330.53015
0.32041 0.29675 3.03091 2.00000 0.00000 434.47079 294.85373 2.00000 434.37772 309.06430
-0.11835 0.00412 2.77883 2.00000 0.00000 269.76102 290.92892 2.00000 261.75705 220.08363
0.42496 0.31057 3.04228 2.00000 0.00000 471.78738 286.95157 2.00000 474.36859 300.72177
-0.37901 0.34056 2.97049 2.00000 0.00000 184.88460 388.84726 2.00000 180.33560 403.36862
0.40426 -0.10723 2.79880 2.00000 0.00000 533.99347 152.68271 2.00000 383.97168 171.60280
-0.32067 -0.25537 2.70739 2.00000 0.00000 188.46828 214.16606 2.00000 189.04298 185.86472
0.49586 0.11418 2.96160 2.00000 0.00000 495.66699 231.42783 2.00000 492.80695 211.83466
0.58017 0.09605 2.95874 2.00000 0.00000 525.56671 218.01778 2.00000 524.04120 192.61089
0.50977 -0.26056 2.90501 2.00000 0.00000 496.54102 103.74746 2.00000 493.97668 111.67886
0.56619 0.03735 2.94156 2.00000 0.00000 519.71448 202.45877 2.00000 517.46021 174.93393
0.45546 0.01817 2.93076 2.00000 0.00000 478.91800 208.45255 2.00000 476.62683 184.48189
-0.43281 -0.10889 2.76247 2.00000 0.00000 151.42786 269.61279 2.00000 150.27077 250.56372
-0.10223 -0.14841 2.80376 2.00000 0.00000 272.76425 221.20242 2.00000 272.75885 198.39641
0.36546 0.21960 3.01332 2.00000 0.00000 449.03940 268.74442 2.00000 450.18051 276.68787
-0.21764 -0.36674 2.72528 2.00000 0.00000 226.12117 153.25601 2.00000 226.93550 156.87042
0.11141 -0.20819 2.85082 2.00000 0.00000 351.15076 168.89267 2.00000 350.87094 168.42804
-0.25125 0.11218 2.93901 2.00000 0.00000 226.39540 300.05753 2.00000 225.98804 323.38452
-0.09004 -0.01111 3.09843 2.00000 0.00000 278.40125 206.43489 2.00000 304.41513 325.83081
-0.27763 0.18237 2.95222 2.00000 0.00000 217.65495 326.22183 2.00000 217.63765 346.23724
0.15674 0.23206 3.01537 2.00000 0.00000 374.28680 291.89371 2.00000 375.24039 312.55106
-0.40414 0.26117 2.95574 2.00000 0.00000 173.80359 364.98611 2.00000 172.39197 384.08563
-0.12825 0.12168 2.95629 2.00000 0.00000 269.76102 290.92892 2.00000 271.75330 310.95755
-0.32140 -0.60702 2.58968 2.00000 0.00000 177.74341 78.64874 2.00000 182.05173 95.82188
0.66103 0.17911 2.93910 2.00000 0.00000 523.53632 261.53912 2.00000 575.85138 166.92569
-0.22048 -0.36750 2.72089 2.00000 0.00000 226.12117 153.25601 2.00000 224.18997 156.67372
0.26107 0.06542 2.90219 2.00000 0.00000 405.94049 252.52127 2.00000 407.03436 212.73184
0.13761 0.22108 2.90332 2.00000 0.00000 362.95337 321.54880 2.00000 361.00574 267.21115
0.39014 0.01117 2.92206 2.00000 0.00000 453.91763 214.61763 2.00000 453.53531 189.40738
-0.26116 -0.50280 2.61141 2.00000 0.00000 211.59657 115.31734 2.00000 196.26807 110.38902
0.15156 0.23118 3.01042 2.00000 0.00000 374.28680 291.89371 2.00000 371.15390 312.52878
0.02188 -0.08015 2.69923 2.00000 0.00000 350.98123 243.07372 2.00000 272.66293 172.02333
-0.05810 -0.18986 2.67930 2.00000 0.00000 321.05838 207.16621 2.00000 241.75247 162.40559
0.53428 -0.17932 2.92809 2.00000 0.00000 505.69229 128.33492 2.00000 504.79666 131.61557
-0.23796 -0.20233 2.75699 2.00000 0.00000 221.55090 219.23218 2.00000 221.42683 197.10248
0.17552 0.27729 3.02510 2.00000 0.00000 381.24539 303.96552 2.00000 382.63788 323.55728
-0.32222 -0.25356 2.70917 2.00000 0.00000 188.46828 214.16606 2.00000 187.89520 187.52386
0.03727 -0.14787 2.86447 2.00000 0.00000 308.85516 207.25273 2.00000 342.44672 184.57909
0.49051 0.05212 2.94511 2.00000 0.00000 491.86618 214.29915 2.00000 490.50925 191.67010
0.67753 -0.01490 2.96602 2.00000 0.00000 561.89648 166.78239 2.00000 558.68457 157.94159
0.20051 0.08481 2.96506 2.00000 0.00000 387.73978 247.40199 2.00000 387.95450 254.05299
0.13424 0.28554 3.02227 2.00000 0.00000 366.78439 311.24780 2.00000 367.32306 330.81830
-0.24642 -0.48372 2.66821 2.00000 0.00000 211.59657 115.31734 2.00000 213.82805 124.90540
0.33393 0.25193 3.02133 2.00000 0.00000 438.04596 281.00327 2.00000 439.31201 292.17755
0.23100 0.07983 3.17073 2.00000 0.00000 415.35025 183.81917 2.00000 403.35675 337.55743
0.15359 0.06230 2.95458 2.00000 0.00000 370.64651 245.58194 2.00000 370.62039 252.99826
0.45455 0.03156 2.93365 2.00000 0.00000 478.60263 212.83237 2.00000 476.58875 188.51286
-0.24524 -0.03672 2.87181 2.00000 0.00000 223.97847 258.95291 2.00000 225.33711 269.15561
0.48106 0.05076 2.94405 2.00000 0.00000 488.12167 215.11128 2.00000 487.23300 192.27670
-0.31664 -0.61124 2.58538 2.00000 0.00000 177.74341 78.64874 2.00000 186.10957 90.97016
-0.04998 -0.14879 2.81501 2.00000 0.00000 291.84113 214.56049 2.00000 292.14050 193.03511
0.12149 0.31758 3.02973 2.00000 0.00000 362.95337 321.54880 2.00000 362.80142 343.30331
-0.31652 -0.61322 2.58083 2.00000 0.00000 177.74341 78.64874 2.00000 185.84341 89.06374
-0.36548 -0.29357 2.67641 2.00000 0.00000 170.33844 207.41644 2.00000 170.46754 177.71300
0.00073 0.05067 2.63665 2.00000 0.00000 346.49319 313.62503 2.00000 254.79181 175.77867
-0.08837 0.31206 3.02408 2.00000 0.00000 286.17163 341.59000 2.00000 290.37946 370.18878
-0.44469 -0.19495 2.71556 2.00000 0.00000 143.30295 245.80504 2.00000 143.74423 221.79915
0.14912 -0.07342 2.88080 2.00000 0.00000 366.17194 212.78477 2.00000 365.39148 197.53084
-0.44225 -0.22874 2.69884 2.00000 0.00000 143.08978 235.00072 2.00000 143.48732 210.25298
0.49303 0.04166 2.94105 2.00000 0.00000 492.50311 211.32796 2.00000 491.24240 187.23003
-0.43109 -0.31207 2.65514 2.00000 0.00000 144.25932 208.12105 2.00000 144.91086 180.17416
-0.09164 -0.14488 2.78617 2.00000 0.00000 291.84113 214.56049 2.00000 257.58044 202.64549
0.01751 -0.17191 2.90561 2.00000 0.00000 297.66461 192.14185 2.00000 343.09094 196.38953
-0.16788 0.15381 2.95708 2.00000 0.00000 256.37506 305.79056 2.00000 257.11380 324.45642
-0.08855 0.31547 3.02887 2.00000 0.00000 286.17163 341.59000 2.00000 290.79834 372.71454
-0.44371 -0.33945 2.63629 2.00000 0.00000 138.14157 201.12566 2.00000 139.15489 171.95186
-0.44358 -0.34192 2.63146 2.00000 0.00000 138.14157 201.12566 2.00000 138.72282 169.94888
0.32208 -0.00662 2.90348 2.00000 0.00000 428.82379 218.65996 2.00000 428.14661 189.43390
0.34589 0.05845 2.92394 2.00000 0.00000 438.81635 235.39763 2.00000 437.14413 207.60640
-0.10762 -0.16166 2.74327 2.00000 0.00000 291.84113 214.56049 2.00000 241.24074 191.66853
-0.15162 0.19597 2.96869 2.00000 0.00000 263.33588 317.08350 2.00000 262.75906 335.25818
-0.23769 -0.18265 2.76502 2.00000 0.00000 221.82558 225.85219 2.00000 222.27892 202.98749
-0.44403 -0.14424 2.74195 2.00000 0.00000 145.61792 260.76669 2.00000 145.31786 239.28682
0.07634 0.10362 2.85630 2.00000 0.00000 341.11789 294.13010 2.00000 335.73206 234.88350
0.32333 0.01169 2.90870 2.00000 0.00000 429.44949 224.18588 2.00000 428.86218 195.03563
-0.34458 -0.18906 2.73653 2.00000 0.00000 181.62846 236.99770 2.00000 181.60878 211.57523
-0.29007 -0.21690 3.16955 2.00000 1.00000 165.29311 147.32495 0.00000 166.27615 152.71370
-0.26760 -0.35900 3.23213 2.00000 1.00000 157.63835 93.51769 0.00000 156.18633 86.13946
-0.17949 -0.24206 3.14476 2.00000 1.00000 208.11555 139.32147 0.00000 207.43773 135.22742
-0.19498 -0.25851 3.16282 2.00000 1.00000 191.51535 124.00496 0.00000 206.42062 136.77090
0.20286 -0.16224 2.87065 2.00000 1.00000 394.71988 166.92992 0.00000 393.21225 172.86523
0.20123 -0.08249 2.83899 2.00000 1.00000 402.23035 196.55630 0.00000 402.52139 210.24091
-0.20860 -0.28112 3.17343 2.00000 1.00000 191.51535 124.00496 0.00000 190.50034 118.86169
0.19960 -0.16261 2.86846 2.00000 1.00000 394.71988 166.92992 0.00000 392.07718 173.16479
-0.23648 -0.32817 3.20351 2.00000 1.00000 174.94917 105.54225 0.00000 173.24490 99.14894
0.20459 -0.11879 2.85228 2.00000 1.00000 399.65204 182.80040 0.00000 399.62866 193.37637
0.46210 -0.31680 2.72811 2.00000 1.00000 506.51691 108.53545 0.00000 507.80838 105.73293
0.43615 -0.29671 2.74904 2.00000 1.00000 493.29425 116.10579 0.00000 495.04465 113.69489
0.40986 -0.14257 2.70356 2.00000 1.00000 499.43549 173.68163 0.00000 499.71841 185.99591
-0.18086 -0.27112 3.15475 2.00000 1.00000 204.86723 127.53985 0.00000 203.99770 123.19753
0.26721 -0.14073 2.84011 2.00000 1.00000 419.42209 173.90398 0.00000 424.56186 181.08014
0.16113 0.24973 2.83838 2.00000 1.00000 397.70996 339.13248 0.00000 396.90826 326.41104
0.16178 0.27325 2.82873 2.00000 1.00000 400.70389 348.62903 0.00000 399.68402 336.48788
0.31541 -0.10776 2.76999 2.00000 1.00000 454.15854 187.07800 0.00000 454.48859 199.18741
-0.23881 -0.35216 3.21438 2.00000 1.00000 171.25113 95.97973 0.00000 169.62572 88.90660
-0.30175 0.12445 3.06004 2.00000 1.00000 193.58315 292.22208 0.00000 194.80060 292.25882
0.29439 -0.10704 2.78159 2.00000 1.00000 444.59351 186.70273 0.00000 445.20969 200.43861
0.37072 -0.14779 2.75296 2.00000 1.00000 474.82098 172.94763 0.00000 475.54443 179.22879
0.22270 -0.08349 2.82406 2.00000 1.00000 412.49155 196.03972 0.00000 412.80072 210.12659
0.31022 -0.19484 2.82719 2.00000 1.00000 436.38229 154.83791 0.00000 438.78311 155.83382
0.31660 0.15108 2.75920 2.00000 1.00000 462.91541 297.11203 0.00000 461.90637 289.95444
0.41824 -0.10001 2.68699 2.00000 1.00000 506.76038 190.51636 0.00000 507.25555 204.25157
0.37493 -0.19749 2.77178 2.00000 1.00000 470.79919 154.57472 0.00000 471.43942 155.69984
0.31259 0.15929 2.76119 2.00000 1.00000 461.34149 300.53183 0.00000 460.35248 292.85532
0.11490 -0.19015 2.95970 2.00000 1.00000 344.81335 157.27104 0.00000 345.64124 156.62608
0.39073 -0.23072 2.77141 2.00000 1.00000 475.01236 141.82750 0.00000 476.17477 141.04445
0.25159 -0.20890 2.85239 2.00000 1.00000 413.67276 149.05606 0.00000 411.80914 152.35439
-0.30226 0.12459 3.05926 2.00000 1.00000 193.58315 292.22208 0.00000 194.75911 292.58261
0.32946 0.13242 2.75701 2.00000 1.00000 466.99487 289.64203 0.00000 466.20898 282.13278
0.21854 -0.06070 2.82136 2.00000 1.00000 412.27301 205.28789 0.00000 412.59085 219.46951
0.52621 -0.22892 2.63053 2.00000 1.00000 552.07208 140.84488 0.00000 554.25568 150.10307
0.31525 -0.17426 2.80552 2.00000 1.00000 444.09186 162.31653 0.00000 445.18359 166.89766
0.25255 -0.20910 2.85332 2.00000 1.00000 413.67276 149.05606 0.00000 412.00052 152.00194
0.52662 -0.22811 2.62984 2.00000 1.00000 552.45288 141.22704 0.00000 554.51855 150.42194
-0.21650 0.14007 3.04772 2.00000 1.00000 226.18886 299.97034 0.00000 226.46561 288.59424
-0.22114 0.13997 3.04257 2.00000 1.00000 226.18886 299.97034 0.00000 225.30107 289.98984
0.25061 0.20993 2.79172 2.00000 1.00000 435.72025 321.54202 0.00000 434.90094 311.90665
-0.30586 -0.31381 3.21461 2.00000 1.00000 148.61328 108.80988 0.00000 148.23637 110.81428
0.24033 0.19407 2.80535 2.00000 1.00000 428.97089 315.41803 0.00000 428.28699 304.68826
0.31698 -0.17415 2.80668 2.00000 1.00000 444.09186 162.31653 0.00000 445.73843 166.66679
-0.30495 -0.31344 3.21516 2.00000 1.00000 148.61328 108.80988 0.00000 148.74059 110.98441
0.42645 -0.12311 2.68400 2.00000 1.00000 509.70154 181.25259 0.00000 510.18173 195.01750
-0.35737 -0.24461 3.18078 2.00000 1.00000 139.70222 134.18971 0.00000 138.22475 147.86725
0.27593 -0.10857 2.80171 2.00000 1.00000 433.88538 186.63641 0.00000 434.72427 198.11183
-0.36451 0.20191 3.01100 2.00000 1.00000 188.91133 329.26804 0.00000 179.46643 332.26425
0.08542 -0.16848 2.96701 2.00000 1.00000 334.56644 165.92508 0.00000 334.60989 166.43942
-0.21276 0.08733 3.05506 2.00000 1.00000 223.85165 275.99930 0.00000 225.19017 270.43982
-0.31452 0.19998 3.07509 2.00000 1.00000 188.91133 329.26804 0.00000 189.72026 311.69467
-0.24869 0.25565 3.01702 2.00000 1.00000 224.70525 349.55676 0.00000 225.47339 337.47787
0.05594 -0.18998 2.99824 2.00000 1.00000 317.18649 157.60869 0.00000 318.30960 156.48062
-0.18780 -0.15657 3.11029 2.00000 1.00000 214.75014 173.18503 0.00000 214.02802 173.19766
-0.24237 -0.06541 3.07797 2.00000 1.00000 204.92374 208.06636 0.00000 204.99594 219.30132
0.38244 -0.16022 2.74632 2.00000 1.00000 479.74881 167.90382 0.00000 480.74924 174.38942
-0.25804 -0.11268 3.09020 2.00000 1.00000 196.51079 188.24350 0.00000 194.57405 201.66409
0.55255 -0.22699 2.60652 2.00000 1.00000 566.68964 142.26567 0.00000 568.65820 151.13911
-0.35187 -0.24507 3.18719 2.00000 1.00000 139.70222 134.18971 0.00000 139.83894 146.31926
0.35693 -0.22036 2.79373 2.00000 1.00000 459.70038 145.98801 0.00000 459.85718 145.03517
0.38732 -0.27299 2.78242 2.00000 1.00000 470.40005 124.86015 0.00000 471.76593 123.60550
0.17172 0.20017 2.83739 2.00000 1.00000 400.03992 317.82330 0.00000 399.49640 309.28049
0.38376 -0.27483 2.78180 2.00000 1.00000 470.40005 124.86015 0.00000 469.78763 122.54550
0.08956 -0.13882 2.95529 2.00000 1.00000 339.32239 177.93518 0.00000 339.11945 178.71956
-0.36883 -0.21382 3.17236 2.00000 1.00000 137.76346 146.27925 0.00000 137.46857 162.19511
0.32164 -0.03905 2.75428 2.00000 1.00000 461.26651 215.29839 0.00000 461.48013 226.32018
0.38245 -0.24975 2.78690 2.00000 1.00000 467.97937 134.34319 0.00000 469.85181 132.30325
0.45758 -0.12495 2.66703 2.00000 1.00000 523.56470 181.58932 0.00000 524.32343 192.76176
0.32026 -0.03901 2.75319 2.00000 1.00000 461.26651 215.29839 0.00000 461.12567 226.66219
0.38323 -0.24898 2.78668 2.00000 1.00000 467.97937 134.34319 0.00000 470.45969 132.86073
-0.42021 0.20589 3.07010 2.00000 1.00000 152.58794 331.05634 0.00000 154.48647 329.08795
0.48053 -0.21979 2.66675 2.00000 1.00000 529.09210 143.98955 0.00000 530.38654 153.37360
0.54133 -0.07779 2.60865 2.00000 1.00000 565.27252 203.67628 0.00000 566.09631 208.31740
0.29166 0.19574 2.76600 2.00000 1.00000 454.22629 315.16348 0.00000 453.48959 307.46722
0.30852 -0.13518 2.79648 2.00000 1.00000 444.87872 177.35789 0.00000 445.89340 184.28122
-0.18247 0.16788 3.02571 2.00000 1.00000 242.51210 310.45740 0.00000 243.69656 299.50497
0.50401 -0.18316 2.64201 2.00000 1.00000 543.22583 159.07742 0.00000 544.64771 168.62093
-0.02003 -0.16649 3.02537 2.00000 1.00000 287.93457 167.30170 0.00000 287.33325 168.06798
0.53931 -0.07682 2.60634 2.00000 1.00000 565.27252 203.67628 0.00000 566.02759 209.64343
0.42163 -0.17916 2.70543 2.00000 1.00000 501.41968 158.88269 0.00000 502.95181 170.60524
0.52721 -0.19636 2.62166 2.00000 1.00000 555.46735 153.92120 0.00000 556.98621 164.03568
0.26952 -0.08526 2.79384 2.00000 1.00000 434.52478 195.69394 0.00000 434.60803 209.04791
-0.08310 -0.19991 3.07573 2.00000 1.00000 255.36906 154.53229 0.00000 255.34323 153.62843
0.29179 0.19826 2.76389 2.00000 1.00000 455.09302 316.38242 0.00000 453.80756 308.52942
0.35448 0.13929 2.74001 2.00000 1.00000 478.48389 291.98654 0.00000 478.60162 285.19901
0.28885 0.07597 2.79904 2.00000 1.00000 442.63062 266.36179 0.00000 443.21295 259.70459
-0.22417 0.16532 3.03718 2.00000 1.00000 226.77734 310.73105 0.00000 226.39540 300.05753
0.36087 -0.13502 2.73756 2.00000 1.00000 475.49420 175.58179 0.00000 476.37177 189.72346
0.41744 0.07216 2.69906 2.00000 1.00000 507.27280 264.88348 0.00000 506.42865 261.24655
-0.07545 -0.17003 3.05963 2.00000 1.00000 262.22284 166.49352 0.00000 261.88336 166.38741
0.19101 -0.05599 2.83796 2.00000 1.00000 399.81390 207.26093 0.00000 400.02695 221.36505
-0.09425 0.06205 3.01257 2.00000 1.00000 271.82974 263.63351 0.00000 272.52148 257.58817
-0.11978 0.15960 3.00119 2.00000 1.00000 268.67072 305.93146 0.00000 268.97485 294.76691
0.33966 0.10592 2.68463 2.00000 1.00000 492.60345 278.72968 0.00000 480.83209 284.86948
0.27707 -0.20240 2.84886 2.00000 1.00000 421.63257 152.31165 0.00000 422.10645 152.48039
0.48822 -0.26496 2.71256 2.00000 1.00000 518.98779 130.73213 0.00000 521.25000 124.47721
0.44237 -0.13297 2.68409 2.00000 1.00000 513.57764 177.55936 0.00000 515.92224 189.42770
0.47571 -0.28800 2.70263 2.00000 1.00000 518.40533 120.11086 0.00000 518.13458 119.01530
-0.10026 0.23803 2.96500 2.00000 1.00000 284.88306 338.22256 0.00000 285.09467 326.76758
-0.11264 0.18319 2.98676 2.00000 1.00000 274.80136 315.42999 0.00000 274.86075 305.13205
0.20396 0.21015 2.81758 2.00000 1.00000 415.14099 321.90475 0.00000 414.23718 312.52176
-0.28509 -0.04390 3.08333 2.00000 1.00000 189.84793 217.29971 0.00000 189.82629 230.31747
0.46857 0.05794 2.66856 2.00000 1.00000 530.30640 259.93076 0.00000 529.71783 254.88480
-0.08392 0.07697 3.00306 2.00000 1.00000 277.90564 269.97986 0.00000 278.05957 263.14716
0.27752 -0.20272 2.84952 2.00000 1.00000 421.63257 152.31165 0.00000 422.08340 152.10907
0.23979 -0.07837 2.80782 2.00000 1.00000 421.90564 197.85699 0.00000 422.01315 213.08524
-0.16541 0.21190 2.99856 2.00000 1.00000 256.25696 329.51797 0.00000 254.94910 317.06412
0.17508 -0.05587 3.01586 2.00000 1.00000 349.25916 217.90550 0.00000 362.92746 185.77910
-0.32698 -0.14253 3.12813 2.00000 1.00000 163.52217 175.70082 0.00000 162.91487 191.56880
0.53627 -0.18989 2.61684 2.00000 1.00000 558.81244 156.15195 0.00000 561.89648 166.78239
-0.28487 -0.04084 3.08233 2.00000 1.00000 190.23875 218.63585 0.00000 190.17732 231.51425
0.54988 -0.10578 2.61172 2.00000 1.00000 565.93042 192.33737 0.00000 568.35455 196.42044
0.28309 -0.20863 2.85047 2.00000 1.00000 422.93042 150.24174 0.00000 423.66608 148.96109
0.13198 -0.07560 2.88554 2.00000 1.00000 369.76364 200.15208 0.00000 369.75476 211.78258
0.31743 -0.08883 2.76250 2.00000 1.00000 456.89517 194.45056 0.00000 457.30908 207.53444
0.11879 -0.06332 2.88952 2.00000 1.00000 364.83679 205.03297 0.00000 364.95581 217.15781
0.11535 0.24075 2.87057 2.00000 1.00000 374.94641 335.57910 0.00000 375.79297 322.71533
0.56121 -0.14514 2.59928 2.00000 1.00000 572.84747 176.86612 0.00000 573.96960 181.71747
-0.10543 -0.14701 3.06785 2.00000 1.00000 251.13600 176.09445 0.00000 250.90999 176.24391
0.47772 -0.26198 2.70296 2.00000 1.00000 518.98779 130.73213 0.00000 519.49744 128.84917
0.10683 0.27572 2.85903 2.00000 1.00000 376.52838 350.64655 0.00000 375.50162 337.32840
0.42589 -0.05287 2.67471 2.00000 1.00000 513.14758 209.98727 0.00000 513.34308 222.80736
0.02803 0.23587 2.90709 2.00000 1.00000 339.35843 334.86676 0.00000 339.03250 323.62674
0.12071 -0.20781 2.95892 2.00000 1.00000 346.91281 150.53476 0.00000 346.74786 149.20049
-0.28667 0.13556 3.04229 2.00000 1.00000 203.72191 296.99609 0.00000 202.65498 297.54669
0.16202 0.16457 2.85682 2.00000 1.00000 391.65472 303.62262 0.00000 391.43445 294.02420
-0.09471 0.17302 2.98412 2.00000 1.00000 280.94144 310.88766 0.00000 281.14429 300.24033
0.39343 -0.09281 2.76135 2.00000 1.00000 488.96323 208.38521 0.00000 474.67038 183.19273
0.18692 -0.21469 2.92106 2.00000 1.00000 375.84540 147.48430 0.00000 376.95340 146.11591
-0.23985 0.16601 3.04727 2.00000 1.00000 218.67052 310.93518 0.00000 219.93810 300.42444
-0.09915 0.23815 2.96609 2.00000 1.00000 284.88306 338.22256 0.00000 285.39627 326.50287
-0.29245 -0.13938 3.11504 2.00000 1.00000 178.30524 176.94153 0.00000 177.52480 191.55872
0.41362 0.11372 2.69502 2.00000 1.00000 508.12012 282.04364 0.00000 506.59769 276.95670
0.52842 0.03030 3.54345 2.00000 1.00000 264.04077 210.72746 0.00000 454.27954 155.11513
-0.30297 -0.12023 3.11379 2.00000 1.00000 175.23289 184.93851 0.00000 175.07253 199.80510
-0.07085 -0.19470 3.06784 2.00000 1.00000 261.54120 157.00630 0.00000 260.84262 155.18831
-0.22368 -0.16072 3.11270 2.00000 1.00000 201.65417 169.57054 0.00000 201.34962 176.37964
0.13912 0.27235 2.84683 2.00000 1.00000 389.11652 348.69547 0.00000 388.75781 335.01120
0.38875 -0.19778 2.75782 2.00000 1.00000 478.49634 154.21664 0.00000 479.15436 156.47510
-0.13248 0.25376 2.97245 2.00000 1.00000 273.29614 345.83917 0.00000 273.08521 333.71567
0.01376 0.20339 2.92398 2.00000 1.00000 330.25165 321.65671 0.00000 329.97284 310.73459
-0.02967 0.21321 2.94144 2.00000 1.00000 312.66174 326.58765 0.00000 312.31076 315.26529
0.44293 -0.10554 2.66818 2.00000 1.00000 518.95746 188.39684 0.00000 519.71448 202.45877
0.56940 -0.19551 2.58954 2.00000 1.00000 576.93744 155.60046 0.00000 578.67920 163.70782
0.45184 -0.06477 2.65854 2.00000 1.00000 524.83868 205.38979 0.00000 525.56671 218.01778
0.42943 -0.08468 2.67439 2.00000 1.00000 513.80676 196.88060 0.00000 514.00134 210.72720
0.38279 -0.05921 2.71882 2.00000 1.00000 488.96323 208.38521 0.00000 488.70102 216.88448
0.29639 -0.07549 2.77343 2.00000 1.00000 447.80988 199.51472 0.00000 448.37805 213.30899
-0.24929 -0.08334 3.08587 2.00000 1.00000 200.58144 200.70433 0.00000 200.28030 212.07996
-0.29573 -0.15288 3.11526 2.00000 1.00000 177.69864 171.83969 0.00000 174.68633 186.21957
-0.21708 -0.07671 3.05969 2.00000 1.00000 218.76523 203.92155 0.00000 214.80737 214.81897
0.40974 -0.27231 2.76785 2.00000 1.00000 480.86121 125.65253 0.00000 482.53870 123.31547
-0.13824 0.17099 3.00331 2.00000 1.00000 262.25394 310.72507 0.00000 262.87366 300.51227
-0.10610 -0.07574 2.75472 2.00000 1.00000 361.15280 218.95732 0.00000 275.56342 236.49596
0.39042 -0.02663 2.70340 2.00000 1.00000 495.38367 220.86771 0.00000 495.66699 231.42783
0.41175 -0.07095 2.68950 2.00000 1.00000 504.74136 202.60530 0.00000 504.96591 215.17120
0.09054 0.21375 2.88855 2.00000 1.00000 362.58478 324.81189 0.00000 363.09396 312.72916
-0.22443 -0.16115 3.11240 2.00000 1.00000 201.65417 169.57054 0.00000 200.88922 176.14049
-0.02053 0.18394 2.94525 2.00000 1.00000 314.15643 314.24945 0.00000 313.62717 303.51862
-0.26389 0.23764 3.02565 2.00000 1.00000 217.51532 342.33487 0.00000 217.69894 331.10724
0.45431 0.07538 2.67716 2.00000 1.00000 523.91089 266.71936 0.00000 523.53632 261.53912
-0.14566 0.24179 2.97834 2.00000 1.00000 267.51279 341.00040 0.00000 266.94351 329.96298
-0.34900 -0.15734 3.14205 2.00000 1.00000 152.65897 169.80151 0.00000 151.95003 185.77551
-0.07471 0.23170 2.95406 2.00000 1.00000 295.55865 334.92484 0.00000 295.50943 324.18484
-0.24862 -0.20852 3.14424 2.00000 1.00000 185.58104 150.81561 0.00000 184.85054 155.60028
0.12574 0.16144 2.88214 2.00000 1.00000 374.28384 303.00052 0.00000 374.28680 291.89371
0.39617 -0.06537 2.70283 2.00000 1.00000 496.68045 204.96912 0.00000 496.89835 216.65485
-0.20927 0.05827 3.05928 2.00000 1.00000 223.88860 263.95264 0.00000 223.97847 258.95291
-0.27243 -0.26447 3.18103 2.00000 1.00000 168.64035 129.13525 0.00000 167.46565 130.69547
-0.13365 0.07642 3.02484 2.00000 1.00000 256.69116 270.31079 0.00000 257.17398 264.16501
0.44175 -0.32057 2.74798 2.00000 1.00000 495.02780 106.80799 0.00000 496.54102 103.74746
-0.17057 0.05111 3.04898 2.00000 1.00000 238.85260 260.63120 0.00000 238.91206 254.28551
-0.34861 0.03768 3.10161 2.00000 1.00000 165.51376 254.47031 0.00000 168.47427 260.57257
0.12003 -0.16275 2.94338 2.00000 1.00000 351.06125 168.04616 0.00000 351.15076 168.89267
-0.02094 -0.11611 3.01742 2.00000 1.00000 290.27899 188.13884 0.00000 290.56317 187.56819
0.11459 0.19549 2.87567 2.00000 1.00000 373.05795 316.91968 0.00000 372.81448 306.32358
-0.34966 -0.15585 3.14253 2.00000 1.00000 152.29324 170.42197 0.00000 151.78767 186.32666
0.10125 0.16526 2.89185 2.00000 1.00000 364.80481 305.09906 0.00000 363.98007 293.79227
-0.35026 0.03689 3.10062 2.00000 1.00000 165.51376 254.47031 0.00000 167.58078 260.26917
0.55467 -0.17145 2.59958 2.00000 1.00000 570.42383 165.36226 0.00000 571.41052 172.97522
-0.14387 0.06194 2.80006 2.00000 1.00000 329.41040 272.59064 0.00000 269.76102 290.92892
0.55460 -0.24667 2.60839 2.00000 1.00000 566.35510 134.30592 0.00000 568.75793 142.96451
-0.12654 0.03883 3.02805 2.00000 1.00000 257.48553 254.09322 0.00000 257.59238 250.18445
0.52796 -0.06937 2.62044 2.00000 1.00000 558.11523 206.88316 0.00000 559.10120 211.19179
-0.41299 0.05849 3.10294 2.00000 1.00000 144.53537 265.14951 0.00000 144.74814 272.89053
0.22576 -0.01903 2.80687 2.00000 1.00000 419.02139 222.50638 0.00000 418.94376 236.19807
0.49034 -0.13565 2.64163 2.00000 1.00000 540.04901 177.74884 0.00000 540.84955 188.80334
0.25592 0.16506 2.79731 2.00000 1.00000 435.07114 302.98822 0.00000 434.47079 294.85373
-0.03730 0.21056 2.94193 2.00000 1.00000 310.53278 325.91293 0.00000 309.07040 314.74762
-0.15306 0.05990 3.04482 2.00000 1.00000 244.54768 263.09128 0.00000 247.32973 257.48297
0.05599 -0.12699 2.91164 2.00000 1.00000 350.02518 190.16928 0.00000 325.50168 184.71692
-0.22851 0.22496 3.01839 2.00000 1.00000 230.34694 335.60431 0.00000 231.10805 325.11868
-0.20631 -0.07372 3.06749 2.00000 1.00000 218.76523 203.92155 0.00000 219.55211 215.04953
-0.38431 0.35419 3.00798 2.00000 1.00000 181.67383 394.78528 0.00000 184.88460 388.84726
-0.29390 0.17197 3.03561 2.00000 1.00000 202.92300 312.27383 0.00000 203.53525 312.67346
0.21488 0.12562 2.82852 2.00000 1.00000 414.03955 286.76434 0.00000 413.62704 280.31259
0.29987 -0.26059 2.86381 2.00000 1.00000 425.17801 132.62204 0.00000 423.90244 122.94116
-0.39568 0.05086 3.09971 2.00000 1.00000 150.85535 261.12964 0.00000 151.42786 269.61279
-0.14854 -0.20085 3.11671 2.00000 1.00000 224.20120 154.43437 0.00000 226.12117 153.25601
-0.21877 -0.08311 3.07144 2.00000 1.00000 214.39444 200.79948 0.00000 213.10931 211.38100
-0.08813 -0.05607 3.00316 2.00000 1.00000 272.57407 209.75481 0.00000 272.76425 221.20242
-0.42509 0.07600 3.10069 2.00000 1.00000 140.94603 272.74103 0.00000 141.85992 280.81622
-0.19071 -0.20692 3.12965 2.00000 1.00000 208.49146 152.79694 0.00000 207.50797 151.96867
-0.39041 0.28500 3.04614 2.00000 1.00000 170.70317 366.53860 0.00000 171.97310 355.76215
-0.21159 -0.06941 3.05714 2.00000 1.00000 218.76523 203.92155 0.00000 220.33499 220.55739
0.41791 0.15654 3.14373 2.00000 1.00000 402.32736 329.40964 0.00000 415.35025 183.81917
-0.33644 -0.29807 3.21133 2.00000 1.00000 139.77415 114.94969 0.00000 137.75896 119.64043
-0.26156 0.22398 3.02542 2.00000 1.00000 218.34628 336.47678 0.00000 217.65495 326.22183
0.35362 -0.17768 2.77523 2.00000 1.00000 464.64127 162.51993 0.00000 463.23492 164.71797
0.49767 -0.23602 2.66635 2.00000 1.00000 533.66290 138.30130 0.00000 536.30603 144.75960
-0.41497 0.17732 3.07489 2.00000 1.00000 152.80092 318.18420 0.00000 154.13261 318.12292
-0.16011 -0.29086 3.14837 2.00000 1.00000 212.61935 119.11360 0.00000 211.59657 115.31734
0.15193 -0.04173 2.86305 2.00000 1.00000 381.99341 213.71158 0.00000 382.04620 226.03458
-0.16381 -0.07663 2.78029 2.00000 1.00000 335.50684 218.79730 0.00000 249.12439 237.58269
0.48106 -0.05843 2.64290 2.00000 1.00000 538.81982 210.13187 0.00000 538.08490 217.70349
-0.04355 0.18944 2.95395 2.00000 1.00000 304.60349 316.56000 0.00000 304.71777 306.58136
0.29491 0.09353 2.78120 2.00000 1.00000 449.60294 273.15244 0.00000 449.03940 268.74442
-0.01273 -0.13965 3.01617 2.00000 1.00000 292.67789 178.11876 0.00000 292.77933 178.73872
-0.38951 0.31329 3.03180 2.00000 1.00000 174.78233 378.67749 0.00000 175.99240 368.48196
0.32182 -0.14533 2.79704 2.00000 1.00000 447.55374 172.82126 0.00000 450.95898 179.58406
0.04773 0.02520 3.12230 2.00000 1.00000 271.32584 235.85555 0.00000 320.54050 225.99216
-0.39458 0.29513 3.04175 2.00000 1.00000 170.52094 371.10910 0.00000 171.59836 360.52527
-0.39422 0.29435 3.04327 2.00000 1.00000 170.52094 371.10910 0.00000 171.19063 359.48630
-0.26685 -0.08900 3.08848 2.00000 1.00000 193.81960 197.73453 0.00000 193.49530 211.91266
0.13474 0.18972 2.86523 2.00000 1.00000 381.85641 314.41818 0.00000 381.24539 303.96552
0.33913 0.14380 2.74635 2.00000 1.00000 472.92804 294.27579 0.00000 471.78738 286.95157
-0.39017 0.30996 3.03535 2.00000 1.00000 174.78233 378.67749 0.00000 173.80359 364.98611
0.34992 -0.17692 2.77182 2.00000 1.00000 464.64127 162.51993 0.00000 462.53030 166.09872
-0.38849 0.31549 3.03022 2.00000 1.00000 174.78233 378.67749 0.00000 177.55171 370.54468
-0.30439 0.05455 2.93766 2.00000 1.00000 212.76645 242.28926 0.00000 218.08334 311.41406
0.49538 -0.22510 2.65420 2.00000 1.00000 533.66290 138.30130 0.00000 540.94214 155.10745
-0.40232 -0.01179 3.11634 2.00000 1.00000 143.50964 233.61432 0.00000 143.30295 245.80504
-0.04103 -0.06932 2.99204 2.00000 1.00000 288.85446 203.18755 0.00000 291.84113 214.56049
0.09827 0.20710 2.88075 2.00000 1.00000 366.93951 321.82355 0.00000 366.78439 311.24780
0.45094 -0.26412 2.72722 2.00000 1.00000 503.75839 128.71068 0.00000 505.69229 128.33492
0.04848 0.02512 3.12314 2.00000 1.00000 271.32584 235.85555 0.00000 320.68307 225.72920
-0.07329 0.22207 2.95774 2.00000 1.00000 294.79645 330.73889 0.00000 295.15137 320.16449
0.36217 -0.08580 2.73328 2.00000 1.00000 477.68207 195.92891 0.00000 478.91800 208.45255
-0.40916 0.12209 3.09135 2.00000 1.00000 149.93686 293.76260 0.00000 150.97772 295.64700
-0.04899 0.17606 2.96136 2.00000 1.00000 300.85806 311.11783 0.00000 301.05695 301.10651
0.14563 -0.20881 2.95136 2.00000 1.00000 355.07178 149.22769 0.00000 358.04489 148.59781
-0.04922 -0.07149 2.98669 2.00000 1.00000 288.85446 203.18755 0.00000 288.39233 214.41820
0.54452 -0.08885 2.60243 2.00000 1.00000 568.13251 199.29530 0.00000 568.16675 204.69118
-0.25335 -0.25785 3.17632 2.00000 1.00000 176.09381 132.19994 0.00000 175.53363 131.94849
-0.37893 -0.10337 3.13732 2.00000 1.00000 144.75645 193.50656 0.00000 144.25932 208.12105
0.15101 0.20014 2.85214 2.00000 1.00000 390.08716 318.24823 0.00000 389.68295 308.53647
-0.10624 0.27345 2.95232 2.00000 1.00000 287.07651 353.60248 0.00000 286.17163 341.59000
0.45260 0.07928 2.67169 2.00000 1.00000 523.91089 266.71936 0.00000 525.14746 265.75287
0.52623 -0.30471 2.65833 2.00000 1.00000 543.51208 112.08584 0.00000 546.49066 114.91302
0.45580 -0.22120 2.70462 2.00000 1.00000 512.96918 146.24174 0.00000 512.21442 147.22298
0.25247 -0.06400 2.79780 2.00000 1.00000 428.45126 203.76810 0.00000 428.82379 218.65996
0.36022 -0.07478 2.73248 2.00000 1.00000 477.55841 200.46767 0.00000 478.60263 212.83237
-0.36940 -0.19131 3.16377 2.00000 1.00000 139.65657 155.28445 0.00000 140.03560 172.22044
0.03810 0.31935 2.88502 2.00000 1.00000 348.90427 369.37961 0.00000 349.71503 355.26044
-0.15698 0.18176 3.00417 2.00000 1.00000 256.45413 315.75659 0.00000 256.37506 305.79056
0.00366 0.21360 2.92408 2.00000 1.00000 327.50827 326.27011 0.00000 326.62039 315.07788
0.13336 0.03473 2.89602 2.00000 1.00000 370.63321 249.61467 0.00000 370.64651 245.58194
-0.21117 -0.05067 3.06844 2.00000 1.00000 215.36703 211.61600 0.00000 220.95972 225.82983
0.38821 -0.07966 2.70991 2.00000 1.00000 492.08829 198.83958 0.00000 492.50311 211.32796
-0.17011 -0.34672 3.18425 2.00000 1.00000 200.16484 97.88625 0.00000 199.82309 89.67815
-0.39634 -0.03703 3.12428 2.00000 1.00000 143.19598 222.65137 0.00000 143.08978 235.00072
-0.30443 -0.22119 3.16452 2.00000 1.00000 162.21172 145.39925 0.00000 160.74336 153.01283
-0.15794 -0.05865 3.03562 2.00000 1.00000 242.76328 209.80132 0.00000 242.10503 221.04120
-0.17654 -0.34513 3.17646 2.00000 1.00000 200.16484 97.88625 0.00000 198.42368 92.12366
-0.26980 -0.06437 3.08570 2.00000 1.00000 194.07065 208.63527 0.00000 193.93005 221.04121
0.52010 -0.15306 2.62197 2.00000 1.00000 553.74707 171.13390 0.00000 555.29962 181.73679
-0.04877 -0.04103 2.97764 2.00000 1.00000 291.44107 215.45483 0.00000 291.61725 227.23766
0.08793 0.17772 2.89381 2.00000 1.00000 360.40295 310.23575 0.00000 359.55527 299.34253
0.49651 -0.24648 2.67254 2.00000 1.00000 531.38422 134.27213 0.00000 534.42151 139.78358
-0.38956 -0.11346 3.14247 2.00000 1.00000 139.80199 189.25157 0.00000 138.98883 204.62877
-0.20798 -0.04261 3.05401 2.00000 1.00000 222.21288 216.96994 0.00000 222.23489 228.53511
-0.20763 -0.04967 3.05437 2.00000 1.00000 222.25099 214.03911 0.00000 221.82558 225.85219
-0.39349 -0.06558 3.13423 2.00000 1.00000 141.18060 210.22412 0.00000 141.38783 223.09593
0.47303 -0.27279 2.70483 2.00000 1.00000 516.01379 124.90266 0.00000 518.11285 126.19852
-0.31204 0.03629 3.06946 2.00000 1.00000 185.82172 252.44423 0.00000 185.84186 263.02786
0.44971 0.07886 2.66999 2.00000 1.00000 523.91089 266.71936 0.00000 524.22375 266.05493
-0.18448 -0.21733 3.13438 2.00000 1.00000 209.01471 148.59189 0.00000 208.77661 146.94356
-0.40540 0.02534 3.10681 2.00000 1.00000 145.27469 249.79436 0.00000 145.61792 260.76669
-0.13137 -0.15514 3.08282 2.00000 1.00000 239.17996 172.95761 0.00000 238.88708 173.30553
0.12581 -0.04140 2.97989 2.00000 1.00000 351.44699 229.21432 0.00000 345.10742 195.14551
0.26791 -0.02164 2.77947 2.00000 1.00000 438.62097 221.30432 0.00000 438.81635 235.39763
-0.31890 -0.10400 3.11333 2.00000 1.00000 170.13057 191.66843 0.00000 170.33844 207.41644
0.48264 -0.21958 2.67474 2.00000 1.00000 527.99323 145.47011 0.00000 528.90039 150.84822
0.34743 0.09605 2.74495 2.00000 1.00000 474.70441 274.19479 0.00000 474.04834 270.04373
0.49242 -0.24666 2.67461 2.00000 1.00000 530.32538 134.85530 0.00000 531.93433 139.16927
-0.28427 -0.00467 3.07057 2.00000 1.00000 193.91319 234.09068 0.00000 193.90123 246.22540
-0.28789 0.22801 3.05127 2.00000 1.00000 199.48283 334.96567 0.00000 209.00815 329.58405
-0.28578 -0.00358 3.06764 2.00000 1.00000 193.91319 234.09068 0.00000 194.08121 247.73428
-0.14848 -0.05889 3.03470 2.00000 1.00000 245.33041 208.98398 0.00000 246.38034 220.92554
0.01523 -0.05742 3.00584 2.00000 1.00000 304.03088 212.08905 0.00000 308.85516 207.25273
-0.34806 0.18685 3.05343 2.00000 1.00000 180.74461 320.39645 0.00000 182.16859 319.26114
-0.29285 0.22655 3.04704 2.00000 1.00000 199.48283 334.96567 0.00000 207.07465 329.85901
-0.38947 -0.06693 3.14046 2.00000 1.00000 141.18060 210.22412 0.00000 141.84413 220.67404
-0.29887 0.22439 3.04241 2.00000 1.00000 199.48283 334.96567 0.00000 204.48604 329.76929
-0.07927 0.25499 2.95081 2.00000 1.00000 295.28506 344.91513 0.00000 295.41977 333.09760
-0.02318 0.07646 2.99332 2.00000 1.00000 301.70905 272.98434 0.00000 298.37695 254.45168
0.05857 0.20346 2.90238 2.00000 1.00000 349.22235 320.76785 0.00000 349.33911 310.31705
-0.32207 0.21233 3.03265 2.00000 1.00000 195.87593 331.76108 0.00000 194.78743 328.33606
0.46222 -0.25263 2.71070 2.00000 1.00000 511.72461 133.04376 0.00000 513.35699 134.21198
-0.21461 -0.37571 3.21046 2.00000 1.00000 179.71080 86.49763 0.00000 177.74341 78.64874
-0.11811 -0.12628 2.57986 2.00000 3.00000 209.66763 152.24071 2.00000 208.63541 145.52069
0.29802 -0.13988 2.83094 2.00000 3.00000 399.93320 152.51500 2.00000 399.89230 150.99965
0.32593 0.05341 2.81867 2.00000 3.00000 401.45123 172.01355 2.00000 401.85645 183.69478
0.58627 -0.29343 2.93945 2.00000 3.00000 521.10211 112.01038 2.00000 523.14062 106.35276
0.05329 0.05893 3.27550 2.00000 3.00000 403.04697 366.99814 2.00000 401.86429 358.83524
0.49756 -0.28833 2.93791 2.00000 3.00000 490.95404 128.67575 2.00000 491.91162 121.30640
-0.24198 0.17562 2.78419 2.00000 3.00000 192.82207 288.66434 2.00000 193.70184 290.69147
0.04773 0.03427 3.25817 2.00000 3.00000 398.15497 358.00900 2.00000 397.41788 349.03510
0.07380 -0.04424 3.18812 2.00000 3.00000 394.62173 318.20056 2.00000 394.47253 308.14114
-0.08920 -0.10982 2.59198 2.00000 3.00000 220.18593 153.00830 2.00000 219.65858 147.83603
0.24820 -0.01112 3.24473 2.00000 3.00000 464.19989 311.40726 2.00000 462.55960 306.69824
0.53648 0.00168 2.94804 2.00000 3.00000 505.09744 166.13414 2.00000 506.02286 177.71562
0.26748 -0.04012 3.23819 2.00000 3.00000 469.52097 300.86765 2.00000 468.50876 295.50409
0.43417 -0.11105 3.22635 2.00000 3.00000 524.30878 255.95699 2.00000 524.11566 251.98944
0.54066 -0.28598 2.93470 2.00000 3.00000 505.27267 120.09050 2.00000 505.76724 113.70602
-0.09577 -0.13415 2.59984 2.00000 3.00000 220.18593 153.00830 2.00000 222.16841 146.60680
0.31249 -0.18439 2.85483 2.00000 3.00000 410.59531 151.02132 2.00000 411.05359 146.87917
0.58739 0.85266 2.78676 2.00000 3.00000 529.64410 261.39914 2.00000 436.05634 329.45169
0.16198 0.01484 3.26109 2.00000 3.00000 437.44568 335.86462 2.00000 436.53271 329.51743
-0.27248 0.07266 2.92858 2.00000 3.00000 222.74895 320.39236 2.00000 223.26350 311.99234
-0.33535 0.18277 2.89272 2.00000 3.00000 186.40227 340.89542 2.00000 187.83513 336.96396
0.67516 -0.14293 2.98655 2.00000 3.00000 562.05176 130.74174 2.00000 564.44391 135.89877
0.15901 0.01908 3.23557 2.00000 3.00000 431.29858 329.43878 2.00000 430.37759 323.87582
0.11288 0.00616 3.18715 2.00000 3.00000 406.21967 320.31403 2.00000 405.69653 313.95584
0.32276 -0.03872 3.25099 2.00000 3.00000 490.80075 295.39441 2.00000 489.93481 291.49078
0.33751 0.06228 2.84529 2.00000 3.00000 410.83466 179.98885 2.00000 411.68338 192.09856
0.42426 -0.01519 2.89609 2.00000 3.00000 455.64160 168.33350 2.00000 453.47006 176.18932
0.67426 -0.14870 2.98850 2.00000 3.00000 562.05176 130.74174 2.00000 564.44269 135.47250
0.43238 0.01160 2.88901 2.00000 3.00000 455.64160 168.33350 2.00000 455.49982 178.69502
0.37142 -0.04627 3.23564 2.00000 3.00000 504.46078 280.82611 2.00000 503.94150 278.38718
0.36951 -0.05161 3.23735 2.00000 3.00000 504.46078 280.82611 2.00000 503.32721 277.87195
0.11119 0.00055 3.18959 2.00000 3.00000 406.21967 320.31403 2.00000 405.83765 313.58237
-0.22783 0.05982 2.85245 2.00000 3.00000 221.29536 286.90015 2.00000 221.58295 281.29892
0.57687 -0.19648 2.99337 2.00000 3.00000 529.94653 144.34016 2.00000 528.53259 142.97163
-0.32331 0.13693 3.02406 2.00000 3.00000 222.94637 370.17300 2.00000 223.89507 360.45520
0.10814 0.03588 3.28263 2.00000 3.00000 423.48456 355.49026 2.00000 422.01892 347.76657
0.09772 0.03643 3.19312 2.00000 3.00000 401.78024 330.31723 2.00000 400.81119 324.77576
0.10118 -0.05558 3.14987 2.00000 3.00000 396.16565 300.03015 2.00000 396.32941 291.22574
0.59401 -0.13189 3.14427 2.00000 3.00000 564.14783 198.32990 2.00000 564.80676 199.19038
0.33912 -0.04976 3.23382 2.00000 3.00000 493.17572 285.36835 2.00000 492.28659 281.75284
0.41791 0.04557 2.93921 2.00000 3.00000 460.02539 193.00598 2.00000 460.59253 204.26291
0.57759 -0.12709 3.06682 2.00000 3.00000 544.87128 177.76663 2.00000 542.86169 179.36081
0.28942 -0.03543 3.25325 2.00000 3.00000 479.78479 302.45105 2.00000 478.95532 297.67368
-0.19108 0.04789 2.77881 2.00000 3.00000 217.72081 255.31604 2.00000 217.85135 252.09946
0.10806 0.02885 3.28675 2.00000 3.00000 424.20383 355.36948 2.00000 423.19083 347.27814
-0.08031 0.13391 2.58698 2.00000 3.00000 204.48439 186.56761 2.00000 204.35757 196.46150
0.17013 -0.00369 3.08667 2.00000 3.00000 405.68048 277.84705 2.00000 404.61505 275.12970
-0.31717 0.14711 3.02138 2.00000 3.00000 222.94637 370.17300 2.00000 225.31761 361.49628
0.40400 0.03639 2.94645 2.00000 3.00000 456.57916 196.57314 2.00000 457.31168 206.71843
0.21592 -0.03678 3.01248 2.00000 3.00000 406.42099 240.87213 2.00000 406.40363 239.60294
-0.03997 -0.10873 2.59324 2.00000 3.00000 236.18080 144.34529 2.00000 235.76952 140.48505
0.33767 0.07286 2.84994 2.00000 3.00000 411.90311 183.23505 2.00000 412.17410 195.82176
0.16638 -0.01580 3.09128 2.00000 3.00000 405.68048 277.84705 2.00000 404.57953 274.24124
-0.35893 0.20028 2.97764 2.00000 3.00000 196.80212 374.64059 2.00000 197.93436 368.04745
0.20006 -0.01328 3.00348 2.00000 3.00000 399.71396 245.02771 2.00000 397.36880 244.36905
0.31407 0.07390 2.82991 2.00000 3.00000 399.08218 181.30034 2.00000 399.43005 193.72200
0.41492 -0.24770 2.87080 2.00000 3.00000 450.26978 128.47191 2.00000 449.52841 122.38225
-0.21835 0.11378 3.06226 2.00000 3.00000 266.33191 359.32852 2.00000 267.22461 351.04059
0.42738 -0.19701 2.85677 2.00000 3.00000 450.26978 128.47191 2.00000 450.82819 126.20451
-0.06522 -0.19934 2.62073 2.00000 3.00000 236.18080 144.34529 2.00000 242.93423 135.54944
-0.06382 0.02314 2.91846 2.00000 3.00000 292.45541 272.09537 2.00000 289.75372 267.46194
-0.09406 0.14553 2.49008 2.00000 3.00000 176.01642 158.42955 2.00000 175.71353 170.91530
0.41648 -0.31031 2.91427 2.00000 3.00000 459.51862 133.20889 2.00000 460.11688 123.10941
0.07251 0.05273 3.25102 2.00000 3.00000 404.63715 355.19690 2.00000 403.58286 348.07306
0.24331 0.08264 2.82425 2.00000 3.00000 372.39465 194.51607 2.00000 372.85947 205.56383
0.39019 -0.06424 3.22392 2.00000 3.00000 508.86615 270.86160 2.00000 508.11795 268.19547
-0.23571 0.09344 2.97381 2.00000 3.00000 242.96230 331.61975 2.00000 243.61317 324.23383
0.11932 0.02589 3.23149 2.00000 3.00000 417.00455 336.27966 2.00000 416.04282 329.88864
0.65872 -0.12399 3.04101 2.00000 3.00000 567.16736 154.36067 2.00000 568.84113 159.33577
0.42406 -0.26297 2.93389 2.00000 3.00000 464.19427 144.15088 2.00000 466.86459 137.10735
0.02950 0.11730 2.71346 2.00000 3.00000 271.84824 204.64378 2.00000 272.25607 213.95262
-0.36502 0.19248 2.97853 2.00000 3.00000 196.80212 374.64059 2.00000 195.53000 366.97220
0.01308 -0.11347 2.66375 2.00000 3.00000 268.99213 156.22456 2.00000 268.68439 152.14159
-0.07392 0.05092 3.09774 2.00000 3.00000 324.46884 333.55075 2.00000 324.24435 325.85416
-0.24595 0.05871 3.04462 2.00000 3.00000 257.77545 348.44284 2.00000 256.82050 336.76669
-0.25349 0.18093 2.85492 2.00000 3.00000 203.64594 313.96445 2.00000 206.89774 314.29285
-0.16661 0.02189 2.79027 2.00000 3.00000 229.64053 250.05843 2.00000 230.27245 246.00745
-0.08092 0.12818 2.56963 2.00000 3.00000 200.64037 179.96300 2.00000 200.50928 189.89531
0.51848 0.01521 2.96992 2.00000 3.00000 502.90231 178.96182 2.00000 503.89432 190.52246
-0.04544 -0.12582 2.63484 2.00000 3.00000 244.70145 156.18944 2.00000 244.03841 150.37845
0.53054 0.02402 2.99322 2.00000 3.00000 512.20325 185.76967 2.00000 512.83197 197.69121
-0.11557 0.14014 2.42852 2.00000 3.00000 154.85985 140.99429 2.00000 153.52222 153.70763
0.18227 -0.01670 3.06967 2.00000 3.00000 406.48676 268.15543 2.00000 405.78192 265.56964
-0.22413 0.08473 2.99604 2.00000 3.00000 251.68553 334.69913 2.00000 253.02324 326.78839
-0.17286 0.02534 2.78389 2.00000 3.00000 226.27885 249.82477 2.00000 226.33298 245.81331
0.64949 -0.21882 2.94277 2.00000 3.00000 543.20508 110.90997 2.00000 546.89618 111.50684
-0.10337 0.17499 2.57248 2.00000 3.00000 190.12628 192.87366 2.00000 189.93449 204.96388
0.01235 -0.27137 2.75130 2.00000 3.00000 268.99213 156.22456 2.00000 321.56931 152.00172
-0.13391 0.03575 2.81825 2.00000 3.00000 245.71506 255.29285 2.00000 245.90950 252.22131
-0.28563 0.13184 2.95921 2.00000 3.00000 221.13229 343.01572 2.00000 222.04242 336.26846
0.44522 0.02453 2.97953 2.00000 3.00000 478.46716 197.69093 2.00000 479.02139 207.51225
-0.15478 0.02236 2.79402 2.00000 3.00000 234.54584 249.23140 2.00000 234.59396 245.36220
-0.20502 0.01872 2.75271 2.00000 3.00000 208.68646 244.61755 2.00000 210.36807 240.34172
-0.24068 0.08057 2.96758 2.00000 3.00000 240.09715 328.06100 2.00000 242.19188 320.33240
-0.33886 0.23959 2.80723 2.00000 3.00000 162.25620 325.80075 2.00000 161.35919 326.77924
0.62669 -0.10849 2.97907 2.00000 3.00000 543.32294 142.48270 2.00000 545.65607 148.85553
-0.03340 0.05231 3.16885 2.00000 3.00000 352.61105 348.37347 2.00000 352.00015 340.06577
0.49774 -0.12794 3.22432 2.00000 3.00000 545.93121 241.34006 2.00000 545.68573 238.18288
-0.08942 0.05012 3.08115 2.00000 3.00000 315.96432 331.04181 2.00000 315.76239 323.25168
-0.26077 0.07196 2.94465 2.00000 3.00000 229.94724 323.11200 2.00000 230.61594 314.65305
0.37368 0.81905 2.70018 2.00000 3.00000 367.82910 260.96869 2.00000 360.65137 335.97153
-0.10873 0.06663 3.10060 2.00000 3.00000 312.94116 343.30060 2.00000 312.83350 335.17184
-0.34270 0.22900 2.81187 2.00000 3.00000 162.25620 325.80075 2.00000 162.78343 326.21844
0.17869 -0.02858 3.07417 2.00000 3.00000 406.48676 268.15543 2.00000 405.80069 264.71066
0.08822 -0.02715 3.07098 2.00000 3.00000 375.37115 283.33099 2.00000 375.02878 277.40372
-0.14357 0.03307 2.80640 2.00000 3.00000 240.15759 252.87387 2.00000 240.31818 249.64503
-0.27042 0.08985 2.94283 2.00000 3.00000 225.50279 327.55792 2.00000 225.78313 319.62805
0.50194 -0.12729 2.94209 2.00000 3.00000 492.67960 151.69656 2.00000 492.66339 154.00307
0.02056 0.04283 3.25444 2.00000 3.00000 387.82129 363.03040 2.00000 387.80453 353.81964
0.68154 -0.13758 3.02994 2.00000 3.00000 572.95813 144.44106 2.00000 575.01318 149.34192
-0.15856 0.04579 2.85371 2.00000 3.00000 245.26764 272.59567 2.00000 244.63768 268.24741
-0.24726 0.24668 2.60711 2.00000 3.00000 143.76216 244.68433 2.00000 143.90808 255.48230
0.54446 0.00793 2.96774 2.00000 3.00000 511.94070 172.08063 2.00000 512.99854 183.93114
0.49813 -0.13119 3.19924 2.00000 3.00000 541.20477 232.98749 2.00000 541.17810 230.20399
0.02076 -0.00775 2.93045 2.00000 3.00000 322.91177 255.18683 2.00000 323.03220 251.71796
-0.17001 0.04176 2.84888 2.00000 3.00000 240.65578 272.42017 2.00000 240.23013 267.66254
-0.42081 0.22963 2.94734 2.00000 3.00000 167.85580 381.92700 2.00000 169.08139 375.40146
0.41727 0.04921 2.87820 2.00000 3.00000 447.12808 173.45721 2.00000 447.33530 186.15869
-0.16402 0.18652 2.67657 2.00000 3.00000 193.24579 241.21376 2.00000 193.33641 249.34399
0.52969 0.02345 2.98566 2.00000 3.00000 510.20148 183.31317 2.00000 511.13654 195.39203
0.36758 -0.07772 3.07565 2.00000 3.00000 471.84613 226.57176 2.00000 471.79224 225.85493
0.66474 -0.18480 2.95376 2.00000 3.00000 551.61646 116.26877 2.00000 554.01453 118.96029
-0.13965 0.05376 3.04254 2.00000 3.00000 291.07422 328.60956 2.00000 291.41101 320.50571
-0.35136 0.18025 3.00750 2.00000 3.00000 207.27884 378.45465 2.00000 208.47762 370.28961
0.33969 -0.19302 2.86931 2.00000 3.00000 422.62805 149.29625 2.00000 423.60660 145.14528
0.35739 0.07487 2.91693 2.00000 3.00000 432.42825 201.88094 2.00000 434.24588 213.99678
0.52144 -0.00567 2.93469 2.00000 3.00000 496.90582 163.49126 2.00000 497.87112 174.45119
0.23411 -0.15815 2.81454 2.00000 3.00000 375.64426 156.58421 2.00000 375.47238 152.67995
0.35297 -0.06733 3.11768 2.00000 3.00000 475.01324 244.02766 2.00000 474.90863 242.59850
-0.05112 0.03640 3.11381 2.00000 3.00000 335.98041 331.83386 2.00000 335.54919 323.69022
0.50481 -0.11034 2.93598 2.00000 3.00000 492.67960 151.69656 2.00000 492.02582 155.11635
-0.23318 0.21733 2.82298 2.00000 3.00000 201.75038 307.22134 2.00000 202.20128 310.60477
0.49709 0.01163 2.97113 2.00000 3.00000 495.56491 182.95294 2.00000 496.20129 193.59167
0.16712 0.00030 3.14009 2.00000 3.00000 415.16681 295.49911 2.00000 414.53900 291.68881
0.23569 -0.16690 2.78159 2.00000 3.00000 372.59143 145.15575 2.00000 366.61115 140.18892
0.08448 -0.02759 3.07741 2.00000 3.00000 375.48627 285.87930 2.00000 375.08002 279.64880
0.02637 0.02309 3.17254 2.00000 3.00000 373.97485 333.82852 2.00000 373.57843 325.97412
0.33620 0.09081 2.87437 2.00000 3.00000 416.07767 194.54607 2.00000 416.50986 207.74478
-0.11634 0.03800 2.84456 2.00000 3.00000 257.06448 260.74725 2.00000 257.24081 257.68472
-0.06373 0.05992 3.11212 2.00000 3.00000 330.34192 337.80734 2.00000 330.27335 330.53015
0.18544 0.00293 3.20930 2.00000 3.00000 435.32791 313.96017 2.00000 434.37772 309.06430
-0.17056 0.04292 2.79778 2.00000 3.00000 228.94489 256.72397 2.00000 228.96797 253.38191
-0.00555 0.02559 3.23786 2.00000 3.00000 376.82504 359.29083 2.00000 375.97760 348.68390
-0.95773 -1.82917 3.66380 2.00000 3.00000 271.78372 318.64243 2.00000 261.75705 220.08363
0.22746 -0.17920 2.81993 2.00000 3.00000 375.64426 156.58421 2.00000 374.61572 151.01935
0.06195 -0.03652 2.94615 2.00000 3.00000 341.40875 247.97043 2.00000 340.79132 243.63600
0.27605 -0.03250 3.25520 2.00000 3.00000 475.94873 305.94952 2.00000 474.36859 300.72177
0.51322 0.03629 3.02522 2.00000 3.00000 512.23907 201.60193 2.00000 513.07788 213.20006
-0.42257 0.26708 3.01468 2.00000 3.00000 180.20039 410.66058 2.00000 180.33560 403.36862
0.06271 -0.00022 2.88018 2.00000 3.00000 326.50418 233.20726 2.00000 325.34747 232.32286
0.47150 0.03186 3.00235 2.00000 3.00000 492.88434 201.41246 2.00000 492.80695 211.83466
-0.34045 0.24610 2.76555 2.00000 3.00000 150.44029 313.83936 2.00000 151.48741 316.75089
0.55735 0.01271 2.99908 2.00000 3.00000 523.03790 180.73143 2.00000 524.04120 192.61089
0.15249 0.87120 2.50736 2.00000 3.00000 208.68646 244.61755 2.00000 212.39220 323.44199
0.35815 0.07833 2.91562 2.00000 3.00000 432.42825 201.88094 2.00000 434.09161 214.24005
0.03434 -0.01898 2.92746 2.00000 3.00000 327.17511 249.92819 2.00000 327.47345 246.35460
-0.06865 0.02631 3.28449 2.00000 3.00000 365.23199 383.59613 2.00000 365.16498 369.81757
-0.24918 0.20628 2.77507 2.00000 3.00000 186.28703 292.74155 2.00000 186.58064 296.33932
0.68164 -0.14104 3.01514 2.00000 3.00000 570.14044 139.12485 2.00000 572.13043 144.02605
-0.23311 0.23262 2.60929 2.00000 3.00000 150.41946 240.23126 2.00000 150.27077 250.56372
-0.11953 -0.31216 2.90432 2.00000 3.00000 301.94659 226.40643 2.00000 272.75885 198.39641
-0.41414 0.24188 2.95703 2.00000 3.00000 173.28177 386.62573 2.00000 170.33662 379.80954
0.18927 -0.01927 3.02929 2.00000 3.00000 400.41000 253.85033 2.00000 400.26331 252.38316
-0.41074 0.24130 2.96053 2.00000 3.00000 173.28177 386.62573 2.00000 174.26031 380.54596
0.25877 -0.03120 3.15958 2.00000 3.00000 450.75983 279.87772 2.00000 450.18051 276.68787
0.19171 -0.01638 3.04463 2.00000 3.00000 404.32550 258.69110 2.00000 404.11902 257.09018
-0.41910 0.23992 2.84590 2.00000 3.00000 142.51587 351.92160 2.00000 147.17972 349.82358
0.15472 0.08298 2.75678 2.00000 3.00000 326.38644 189.26445 2.00000 327.14743 199.28877
-0.19994 0.03398 2.76458 2.00000 3.00000 212.62340 250.10268 2.00000 212.82721 246.23021
-0.00609 0.04355 3.25413 2.00000 3.00000 379.22946 367.60449 2.00000 378.65802 357.44168
0.39898 -0.10812 3.28397 2.00000 3.00000 521.03094 279.74509 2.00000 525.03345 274.57504
-0.05688 0.11870 2.59153 2.00000 3.00000 214.75661 181.12447 2.00000 214.29047 190.61476
-0.27512 0.09358 2.95070 2.00000 3.00000 225.24701 331.42139 2.00000 225.98804 323.38452
0.10053 -0.04144 3.01331 2.00000 3.00000 367.82910 260.96869 2.00000 368.09891 256.12607
0.03936 -0.00649 3.15536 2.00000 3.00000 375.81161 321.05646 2.00000 375.24039 312.55106
0.11599 -0.04210 2.97423 2.00000 3.00000 365.83145 246.17535 2.00000 364.34433 242.29211
0.22058 0.08320 2.84112 2.00000 3.00000 368.26730 204.61066 2.00000 368.26443 214.53230
0.19668 -0.03196 3.25708 2.00000 3.00000 449.09085 320.18600 2.00000 448.27200 312.66953
-0.22557 0.23625 2.60868 2.00000 3.00000 152.13217 239.14476 2.00000 152.68285 250.10413
0.28864 0.05019 2.86820 2.00000 3.00000 400.00677 195.33174 2.00000 398.24060 204.22704
-0.16723 0.05498 2.99320 2.00000 3.00000 271.78372 318.64243 2.00000 271.75330 310.95755
0.65691 -0.15334 3.08547 2.00000 3.00000 575.21484 164.80977 2.00000 575.85138 166.92569
0.11862 -0.03414 2.97155 2.00000 3.00000 365.83145 246.17535 2.00000 364.43155 242.88676
-0.40102 0.28105 2.96173 2.00000 3.00000 173.34758 393.43530 2.00000 174.74826 389.61868
0.63853 -0.28969 2.95700 2.00000 3.00000 541.34216 108.09262 2.00000 545.79266 103.98104
0.58581 -0.08897 3.11802 2.00000 3.00000 556.28021 198.10411 2.00000 557.52850 201.98798
0.56524 -0.06280 3.09484 2.00000 3.00000 545.23090 198.71844 2.00000 545.17560 203.86023
0.21107 0.01328 3.23850 2.00000 3.00000 449.09085 320.18600 2.00000 449.23221 316.11551
-0.06915 0.03172 3.08052 2.00000 3.00000 323.16464 323.96945 2.00000 323.16287 315.98074
0.10176 0.01965 3.22392 2.00000 3.00000 409.65915 335.82480 2.00000 408.90396 328.79590
-0.18218 0.02694 2.78007 2.00000 3.00000 222.34320 250.58334 2.00000 222.36151 246.46034
-0.08808 0.04865 3.12944 2.00000 3.00000 326.65109 345.13165 2.00000 326.19757 335.95309
-0.14999 0.18425 2.53851 2.00000 3.00000 165.58784 192.11734 2.00000 165.15523 204.10707
0.07057 -0.03312 3.03062 2.00000 3.00000 361.58835 273.06735 2.00000 361.00574 267.21115
-0.07699 0.02988 2.86821 2.00000 3.00000 275.64786 259.69809 2.00000 275.59818 256.78085
0.41754 0.02697 2.90440 2.00000 3.00000 452.86612 178.60645 2.00000 453.53531 189.40738
-0.11584 -0.18527 2.50217 2.00000 3.00000 197.61890 119.13056 2.00000 196.26807 110.38902
0.28122 -0.10737 3.02997 2.00000 3.00000 456.85519 227.52104 2.00000 410.48624 214.37894
0.03938 0.00510 3.14716 2.00000 3.00000 375.81161 321.05646 2.00000 371.15390 312.52878
0.00676 0.07000 2.77864 2.00000 3.00000 301.94659 226.40643 2.00000 261.14206 222.58109
-0.15806 0.08600 3.04011 2.00000 3.00000 283.01041 337.04526 2.00000 283.16101 329.94781
-0.12831 0.12649 2.39099 2.00000 3.00000 143.14374 128.75221 2.00000 140.82652 140.84935
-0.00590 0.00293 2.99964 2.00000 3.00000 328.20444 283.15237 2.00000 328.29651 277.76926
0.42397 0.02949 2.91031 2.00000 3.00000 456.29944 179.70163 2.00000 457.11478 190.75275
-0.08005 0.00222 3.09219 2.00000 3.00000 323.16464 323.96945 2.00000 323.48819 313.93848
-0.30288 0.11750 3.02468 2.00000 3.00000 232.21989 363.37524 2.00000 230.39977 352.91541
0.53186 -0.22044 2.94667 2.00000 3.00000 504.26456 134.35817 2.00000 504.79666 131.61557
-0.04664 0.12954 2.61000 2.00000 3.00000 221.61124 187.00569 2.00000 221.42683 197.10248
0.05037 0.02066 3.17800 2.00000 3.00000 383.16071 330.93103 2.00000 382.63788 323.55728
-0.00090 -0.00236 2.91355 2.00000 3.00000 311.89542 254.70393 2.00000 312.10669 251.29970
0.26704 -0.03429 2.80091 2.00000 3.00000 382.40469 164.62834 2.00000 377.33408 168.36594
0.03836 -0.09015 2.69471 2.00000 3.00000 282.50195 164.73468 2.00000 282.51166 162.13951
0.48662 0.00784 2.96213 2.00000 3.00000 490.03998 181.41714 2.00000 490.50925 191.67010
0.00593 0.02159 3.15402 2.00000 3.00000 363.56915 331.47946 2.00000 363.05698 323.35913
0.48886 0.00745 2.96279 2.00000 3.00000 490.82938 181.11125 2.00000 491.61761 191.45222
-0.05425 0.07170 3.14018 2.00000 3.00000 338.97815 346.91937 2.00000 338.56702 339.69742
-0.08777 0.05593 3.26750 2.00000 3.00000 354.74255 387.53699 2.00000 354.33365 374.86768
0.54983 0.00543 3.02954 2.00000 3.00000 527.16223 191.21164 2.00000 526.68097 201.48494
0.01135 0.03971 3.16830 2.00000 3.00000 367.47028 338.17108 2.00000 367.32306 330.81830
-0.04324 -0.03332 2.48597 2.00000 3.00000 197.61890 119.13056 2.00000 213.82805 124.90540
0.21559 -0.01673 3.18059 2.00000 3.00000 440.12119 296.43896 2.00000 439.31201 292.17755
0.08701 0.04700 3.22493 2.00000 3.00000 404.35025 343.76718 2.00000 403.35675 337.55743
0.11826 -0.02643 3.00004 2.00000 3.00000 370.64792 256.25415 2.00000 370.62039 252.99826
0.46223 0.01158 2.93611 2.00000 3.00000 475.57776 178.05118 2.00000 476.58875 188.51286
-0.18303 0.05691 2.79484 2.00000 3.00000 223.15753 260.40549 2.00000 223.52649 257.56854
-0.23766 0.13061 2.77129 2.00000 3.00000 194.86446 275.71643 2.00000 195.32059 275.72852
0.33486 -0.07387 3.05787 2.00000 3.00000 456.85519 227.52104 2.00000 457.06848 226.55098
0.02967 0.11574 2.66099 2.00000 3.00000 261.64401 187.20973 2.00000 258.83932 197.06178
-0.17119 0.22759 2.63535 2.00000 3.00000 177.76956 236.06406 2.00000 177.93411 247.55424
0.21744 -0.14098 2.79550 2.00000 3.00000 365.56418 156.10364 2.00000 365.37515 153.13991
0.47965 0.01043 2.95854 2.00000 3.00000 486.75919 181.97467 2.00000 487.23300 192.27670
0.00442 0.02511 3.15438 2.00000 3.00000 363.01617 332.49219 2.00000 362.51599 324.49115
-0.14000 -0.25635 2.46177 2.00000 3.00000 185.55960 101.46632 2.00000 185.84341 89.06374
0.24591 0.08574 2.85363 2.00000 3.00000 379.88959 204.31099 2.00000 379.73065 214.83476
-0.06194 -0.15592 2.72190 2.00000 3.00000 265.80151 183.20667 2.00000 253.32947 171.36383
0.15982 -0.11359 2.83364 2.00000 3.00000 353.12604 182.82317 2.00000 353.18500 179.35133
0.50868 -0.05904 3.15120 2.00000 3.00000 537.71594 228.04190 2.00000 534.21259 230.02945
-0.06068 0.14072 3.22468 2.00000 3.00000 354.74255 387.53699 2.00000 348.21689 379.77856
-0.22949 0.12915 2.76497 2.00000 3.00000 196.22931 271.96384 2.00000 196.62013 272.32590
0.20623 0.07737 2.77059 2.00000 3.00000 348.00748 183.05208 2.00000 348.08499 193.79933
-0.02893 0.02998 3.24471 2.00000 3.00000 370.14282 366.01907 2.00000 369.84732 354.77609
-0.16283 0.20952 2.58226 2.00000 3.00000 169.43007 213.54636 2.00000 169.44569 225.63290
-0.18979 0.12956 3.13303 2.00000 3.00000 290.20126 378.95840 2.00000 290.37946 370.18878
0.19118 0.08420 2.77206 2.00000 3.00000 342.88467 187.56747 2.00000 342.73636 198.22772
-0.08158 -0.00096 3.09314 2.00000 3.00000 323.16464 323.96945 2.00000 323.16547 313.64670
-0.30178 0.14224 2.96213 2.00000 3.00000 215.84380 348.68195 2.00000 216.84737 341.81033
-0.19890 0.19858 2.52202 2.00000 3.00000 143.89693 198.52702 2.00000 143.48732 210.25298
0.49215 0.00154 2.95514 2.00000 3.00000 490.54446 177.04648 2.00000 491.24240 187.23003
0.17836 -0.01006 3.12605 2.00000 3.00000 416.40216 287.39664 2.00000 415.71948 283.70886
-0.11148 0.19464 2.60820 2.00000 3.00000 194.46112 209.76801 2.00000 194.01791 221.85881
0.36969 -0.07529 3.09531 2.00000 3.00000 476.39093 232.72826 2.00000 476.41528 231.81340
-0.30600 0.22857 2.70890 2.00000 3.00000 150.20207 285.99866 2.00000 150.52852 290.76508
0.31675 -0.06461 3.05793 2.00000 3.00000 450.57956 232.32698 2.00000 450.63330 231.35313
-0.34743 0.25899 2.82380 2.00000 3.00000 160.34741 336.12320 2.00000 162.21956 337.80154
0.14679 0.00225 3.16528 2.00000 3.00000 413.24066 307.08649 2.00000 412.81531 302.16269
-0.33762 0.24950 2.72420 2.00000 3.00000 141.86275 300.75916 2.00000 141.71539 304.99207
-0.21265 0.20636 2.51739 2.00000 3.00000 137.33054 200.93506 2.00000 137.18300 212.86363
0.49807 1.32019 2.30999 2.00000 3.00000 282.50195 164.73468 2.00000 257.11380 324.45642
-0.18770 0.13767 3.13651 2.00000 3.00000 291.77835 381.36362 2.00000 290.79834 372.71454
-0.15158 0.21426 2.63554 2.00000 3.00000 185.57564 230.02718 2.00000 185.63014 241.34962
0.37697 0.07801 2.90408 2.00000 3.00000 436.39828 194.29045 2.00000 438.80014 207.59541
0.45222 0.03632 2.95096 2.00000 3.00000 476.33969 189.07307 2.00000 474.19165 199.91061
0.19162 -0.01468 3.11271 2.00000 3.00000 418.24979 280.13925 2.00000 417.68298 276.94937
0.34665 -0.06904 3.08621 2.00000 3.00000 466.68524 235.07811 2.00000 466.48483 234.02986
-0.09775 0.16342 2.53869 2.00000 3.00000 185.03020 178.49966 2.00000 184.57339 190.82495
0.37660 0.08249 2.90123 2.00000 3.00000 436.39828 194.29045 2.00000 437.14413 207.60640
-0.19303 0.17419 2.49890 2.00000 3.00000 142.48843 185.59470 2.00000 141.99307 196.56421
-0.18916 0.18382 2.49646 2.00000 3.00000 142.48843 185.59470 2.00000 141.65440 197.29037
0.35039 -0.07113 3.08278 2.00000 3.00000 467.35272 232.99704 2.00000 467.08829 231.99272
-0.21739 0.24631 2.63214 2.00000 3.00000 159.87724 247.21593 2.00000 160.00064 258.31534
0.07334 0.18852 2.62744 2.00000 3.00000 284.89810 182.82782 2.00000 241.24074 191.66853
-0.21180 0.12263 3.03587 2.00000 3.00000 262.56213 351.94821 2.00000 262.85461 344.95822
0.04278 0.04263 3.19596 2.00000 3.00000 383.76257 341.75052 2.00000 382.94476 334.69104
-0.14390 -0.27317 2.52407 2.00000 3.00000 197.61890 119.13056 2.00000 200.71089 105.28933
0.45084 0.02083 2.95826 2.00000 3.00000 476.33969 189.07307 2.00000 476.53207 199.19177
-0.17168 0.10721 3.12396 2.00000 3.00000 294.89551 368.71567 2.00000 295.87524 359.95175
-0.36901 0.19062 2.90999 2.00000 3.00000 178.76724 353.64157 2.00000 180.47566 348.42105
0.01485 0.10674 2.62615 2.00000 3.00000 253.48807 177.85515 2.00000 241.96669 185.82796
0.14000 0.01699 3.23024 2.00000 3.00000 423.86658 330.70572 2.00000 422.96481 324.57159
-0.16846 0.11776 3.16271 2.00000 3.00000 303.49878 381.84952 2.00000 304.67831 372.59518
0.63276 -0.10876 3.05477 2.00000 3.00000 560.63354 165.97324 2.00000 562.21527 171.03523
1.21082 3.58824 1.66062 2.00000 4.00000 523.59479 258.60477 3.00000 524.30878 255.95699
1.23907 3.72421 1.60149 2.00000 4.00000 528.83636 264.55090 3.00000 529.64410 261.39914
1.18952 3.49644 1.70043 2.00000 4.00000 555.58966 211.92690 3.00000 555.78918 214.84207
1.20102 3.53190 1.68341 2.00000 4.00000 506.35910 285.02100 3.00000 505.05984 281.40793
1.20148 3.53389 1.68258 2.00000 4.00000 506.35910 285.02100 3.00000 504.46078 280.82611
1.18744 3.48654 1.70578 2.00000 4.00000 544.53418 173.45554 3.00000 544.87128 177.76663
1.19054 3.50614 1.69830 2.00000 4.00000 544.53418 173.45554 3.00000 552.55432 179.33430
1.35883 4.13677 1.41708 2.00000 4.00000 479.56439 308.36771 3.00000 479.42719 302.68201
1.47640 4.59496 1.21574 2.00000 4.00000 479.56439 308.36771 3.00000 479.78479 302.45105
1.18426 3.46130 1.71554 2.00000 4.00000 477.80518 188.51872 3.00000 478.46716 197.69093
1.18438 3.46443 1.71449 2.00000 4.00000 501.66165 168.63972 3.00000 502.90231 178.96182
1.21167 3.60758 1.65273 2.00000 4.00000 546.17273 244.25734 3.00000 545.93121 241.34006
1.19510 3.50838 1.69404 2.00000 4.00000 510.09100 273.29636 3.00000 508.86615 270.86160
1.18447 3.46319 1.71467 2.00000 4.00000 492.73853 191.93703 3.00000 494.50977 200.99510
1.18428 3.46428 1.71436 2.00000 4.00000 511.56555 175.18956 3.00000 512.20325 185.76967
1.20762 3.58665 1.66263 2.00000 4.00000 541.27179 235.80585 3.00000 541.20477 232.98749
1.18467 3.46626 1.71415 2.00000 4.00000 495.84262 153.85001 3.00000 496.90582 163.49126
1.18942 3.48128 1.70693 2.00000 4.00000 475.12708 245.27559 3.00000 475.01324 244.02766
1.18425 3.46408 1.71449 2.00000 4.00000 509.19873 172.47455 3.00000 510.20148 183.31317
1.18441 3.46381 1.71471 2.00000 4.00000 494.74747 173.18445 3.00000 495.56491 182.95294
1.18677 3.47885 1.70858 2.00000 4.00000 527.37427 186.77777 3.00000 527.16223 191.21164
1.20671 3.58744 1.66426 2.00000 4.00000 540.14771 216.31450 3.00000 541.02271 213.84380
1.18029 3.44241 1.72226 2.00000 4.00000 546.96893 192.04228 3.00000 485.38339 286.99597
1.18450 3.46405 1.71469 2.00000 4.00000 490.02628 171.73477 3.00000 490.82938 181.11125
1.18440 3.46348 1.71490 2.00000 4.00000 489.17749 171.68796 3.00000 490.03998 181.41714
1.18447 3.46356 1.71489 2.00000 4.00000 486.00095 172.60780 3.00000 486.75919 181.97467
1.18517 3.47041 1.71176 2.00000 4.00000 530.59180 183.40408 3.00000 530.74530 191.49812
1.18441 3.46373 1.71488 2.00000 4.00000 489.51752 167.08211 3.00000 490.54446 177.04648
1.18900 3.49560 1.70139 2.00000 4.00000 555.88702 194.90337 3.00000 556.28021 198.10411
1.18968 3.48342 1.70639 2.00000 4.00000 476.37112 233.77376 3.00000 476.39093 232.72826
1.19256 3.51727 1.69652 2.00000 4.00000 521.69720 142.68767 3.00000 522.90967 142.53679
1.18428 3.46449 1.71405 2.00000 4.00000 520.32019 184.20012 3.00000 521.19647 195.03423
1.20106 3.54644 1.67985 2.00000 4.00000 524.83411 236.37111 3.00000 524.90424 233.82492
0.95506 3.09343 0.15808 2.00000 5.00000 147.13588 124.24616 4.00000 153.10153 130.85315
1.11794 3.45080 -0.37175 2.00000 5.00000 143.16527 334.62997 4.00000 143.79625 336.94125
1.02898 3.25632 -0.11700 2.00000 5.00000 142.92409 228.14882 4.00000 143.27409 235.12991
1.01905 3.25821 0.17501 2.00000 5.00000 190.58095 174.37169 4.00000 190.48796 181.28745
1.09714 3.40603 -0.28450 2.00000 5.00000 148.11253 305.53806 4.00000 148.97838 309.40454
1.02076 3.26182 0.16160 2.00000 5.00000 189.37370 178.07434 4.00000 189.14946 184.92693
1.02960 3.28191 0.20181 2.00000 5.00000 199.93744 177.58940 4.00000 199.85867 183.89178
1.04427 3.30647 0.02496 2.00000 5.00000 177.84413 217.65738 4.00000 177.75218 224.60863
1.07998 3.36514 -0.27805 2.00000 5.00000 139.86725 292.12897 4.00000 140.40701 296.26169
1.03888 3.28703 -0.06937 2.00000 5.00000 158.20180 228.66560 4.00000 158.06296 235.86093
1.07353 3.35514 -0.23047 2.00000 5.00000 145.58089 280.91684 4.00000 146.11632 284.65451
0.95925 3.14481 0.33678 2.00000 5.00000 184.50438 117.16345 4.00000 186.77956 106.16472
0.96278 3.14751 0.32810 2.00000 5.00000 184.50438 117.16345 4.00000 187.14767 110.33472
1.07228 3.35463 -0.20959 2.00000 5.00000 148.59914 277.67764 4.00000 149.33171 280.45297
0.93659 3.08747 0.23194 2.00000 5.00000 160.88358 110.33480 4.00000 159.38824 110.22405
1.03654 3.29547 0.14714 2.00000 5.00000 194.79004 191.74709 4.00000 194.46655 198.57335
0.92529 3.05559 0.20252 2.00000 5.00000 151.32063 101.91275 4.00000 148.86504 106.91051
1.07288 3.35589 -0.20813 2.00000 5.00000 149.37477 277.39984 4.00000 150.03036 280.78134
0.98919 3.17673 0.00290 2.00000 5.00000 145.14195 180.34894 4.00000 144.69760 187.26033
0.90536 2.99908 0.29859 2.00000 5.00000 149.16023 64.59322 4.00000 153.70520 68.83352
0.94405 3.06854 0.24292 2.00000 5.00000 151.32063 101.91275 4.00000 161.28156 104.89156
1.05408 3.32573 -0.05535 2.00000 5.00000 169.53996 238.42711 4.00000 168.91792 245.01172
0.97758 3.15240 0.02758 2.00000 5.00000 143.78049 167.87813 4.00000 143.14029 174.53122
1.04523 3.31069 0.06591 2.00000 5.00000 185.41187 211.43593 4.00000 185.25372 218.49252
